5.106
4.888
23.222
6.417
16.825
6.895
5.691
6.347
5.752
7.171
5.902
4.214
5.461
6.902
4.039
8.823
7.238
8.838
6.146
18.494
12.531
83.626
11.838
57.182
64.669
31.801
77.881
23.541
7.157
4.5
5.864
3.959
6.1
5.852
4.182
4.482
5.319
6.003
7.684
4.166
4.462
5.727
5.434
4.769
4.022
4.637
4.212
6.469
5.678
5.106
4.286
16.076
7.362
4.439
25.287
10.077
6.58
6.378
6.034
5.081
4.411
4.844
4.239
5.548
5.552
5.913
3.879
4.146
4.679
4.609
4.877
4.127
3.627
6.033
16.577
9.401
3.97
5.849
5.367
5.415
4.423
3.711
4.271
6.176
6.015
5.688
5.708
4.89
3.855
5.803
5.894
4.092
3.694
4.774
5.883
6.238
4.526
6.501
6.074
4.444
6.436
3.979
4.887
5.519
4.755
4.239
4.54
3.869
4.011
4.094
3.509
3.583
1003.288
3.642
4.499
4.54
4.761
5.891
1007.88
6.198
3.837
5.252
4.948
4.166
3.514
3.634
4.142
3.953
4.241
4.305
4.476
4.618
3.525
3.775
4.346
4.239
3.964
4.865
1004.336
4.532
4.706
6.088
4.961
4.583
5.851
4.222
3.903
5.003
8.265
5.88
3.628
4.657
4.51
1004.834
6.187
5.498
3.624
4.637
6.854
6.063
6.365
5.476
4.014
3.957
16.071
4.05
4.012
4.55
6.414
3.792
4.751
4.0
1003.896
15.148
5.279
5.053
4.484
4.853
2.881
5.541
5.344
5.182
6.545
5.887
6.681
6.053
4.606
3.882
3.694
4.219
18.701
16.669
99.394
6.157
5.911
4.22
27.377
5.492
4.512
26.616
28.19
74.533
38.72
5.363
5.872
4.923
5.866
6.433
1003.568
5.236
5.877
1001.051
4.476
6.155
1000.225
5.061
3.902
4.211
6.829
5.05
4.613
5.078
5.789
4.933
5.341
4.395
6.256
5.147
1004.049
6.157
7.348
6.442
5.237
5.247
4.782
6.57
3.389
4.386
4.3
5.825
5.632
1001.771
5.158
5.349
5.973
5.309
5.883
7.474
4.839
4.172
4.761
4.376
5.224
5.418
5.215
5.291
5.465
3.156
3.701
4.148
4.9
1003.821
7.227
6.984
5.05
8.273
5.87
4.23
1007.193
4.388
1003.705
5.484
4.365
5.962
6.463
5.565
4.132
5.896
5.898
6.008
6.104
3.695
4.517
1003.858
5.197
1001.628
5.025
4.528
5.372
6.302
3.864
3.898
10.395
1001.402
5.51
6.513
5.834
4.432
4.074
6.112
3.804
4.233
5.05
4.416
3.928
4.331
3.298
12.342
3.932
5.276
5.87
4.607
4.369
5.307
5.335
4.626
5.373
4.85
5.896
1005.775
5.096
6.411
3.491
5.399
1001.914
4.072
5.876
5.059
3.746
3.581
3.489
1000.243
4.79
6.025
16.523
5.985
5.286
3.652
4.092
5.281
6.42
4.527
5.053
3.622
5.612
4.364
4.457
5.088
4.981
4.847
3.376
4.029
74.666
57.639
4.07
13.934
6.369
5.881
1005.002
5.988
4.857
10002.81
15.033
3.585
46.772
42.465
81.31667
3.185
2.985
7.15667
4.002
2.866
3.169
3.382
6.67333
3.36
3.36
3.014
1003.122
3.08
3.484
3.465
3.111
3.154
7141.43143
3.096
93.23
3.186
12.963
10.085
3.078
2.976
3.06
3.367
2.869
2.712
3.17
2.906
2.775
3.527
3.758
3.801
3.22
3.648
1001.978
3.229
3.314
3.1
3.316
3.777
12.209
3.022
3.049
3.13
5.50444
3.387
3.298
3.121
1002.643
3.187
2.982
3.141
3.247
3.345
3.475
3.188
3.195
2.851
2.862
3.444
9979.867
3.137
2.972
3.178
3.377
3.239
2.915
3.074
3.115
5.49
3.022
6.20889
4.52111
3.045
3.059
3.178
1002.654
3.112
3.221
3.347
3.397
3.272
3.167
2.959
1001.368
3.104
3.053
5.04111
3.513
3.779
3.107
3.398
6.89778
2.955
4.366
3.235
2.956
2.981
3.82
10.616
3.363
3.058
3.411
3.074
3.159
2.91
3.702
4.78778
3.082
3.093
3.184
3.716
3.168
4.01875
3.151
3.367
3.158
3.005
3.186
3.215
3.063
3.171
4.22
3.187
5.59444
3.409
3.047
3.069
3.113
3.082
5.83333
2.994
3.56889
3.223
3.565
5.34222
3.064
3.094
3.019
3.068
3.198
2.776
5.14556
3.196
3.035
3.023
3.26
3.133
3.105
3.048
4.54778
3.607
3.123
3.198
3.242
2.945
2.708
3.232
3.515
3.192
6.6
3.227
3.061
3.221
3.16
1003.125
3.092
5.00778
4.432
6.319
7.641
5.366
5.629
4.604
5.65444
7.062
97.924
18.021
61.907
9.947
71.699
5.389
6.442
1001.813
4.476
4.83
83.598
5.46
5.456
1000.9
6.156
4.20444
54.415
5.04333
7.082
5.061
5.974
4.173
6.186
5.837
6.301
5.424
3337.51333
5.836
84.93
6.357
9986.39
5.134
6.46
16.11111
5.651
4.381
5.128
4.84444
5.032
24.43556
1114.32111
4.365
5.56
6.101
4.495
7.015
5.742
6.021
7.408
30.67556
10.18
5.06
5.959
7.017
5.475
5.738
1000.915
6.797
6.09222
5.595
5.446
6.177
7.6975
5.298
5.272
5.878
4.795
5.212
5.692
5.86
6.509
5.162
4.341
4.455
5.203
6.943
5.774
7.19333
5.234
4.865
5.417
5.932
8.07222
4.992
6.99222
4.513
5.438
7.516
5.111
5.573
5.63778
4.286
6.164
5.278
1002.297
4.28143
5.608
5.60556
7.507
7.39
5.375
5.114
6.937
2003.258
5.703
5.759
6.688
4.99889
5.748
6.612
5.133
5.179
4.387
4.771
1006.608
5.498
4.49222
4.851
4.818
5.32
6.392
4.435
4.96667
1009.911
6.095
6.507
6.962
1007.98
6.072
5.725
5.744
6.578
6.15444
6.296
7.8
4.864
4.352
7.031
29.408
4.39889
4.844
1117.26444
4.901
6.167
7.294
5.90778
6.497
5.344
5.818
6.905
3.998
4.02222
5.721
5.223
3.57556
4.148
5.924
5.936
6.843
6.422
6.147
5.548
4.174
6.48
5.387
4.46556
5.805
6.19333
5.754
6.051
6.151
1116.62889
7.861
5.103
4.692
7.0
7.48
5.112
5.841
5.868
6.452
6.112
5.148
4.534
4.01333
4.752
5.633
4.913
5.544
5.215
5.755
5.78444
6.62
4.14
