0.328768
0.333914
0.355653
0.437963
0.505642
0.376251
0.33832
0.291991
0.326253
0.408303
0.322318
0.317459
0.309762
0.427666
0.335686
0.631702
0.551662
0.338598
0.380246
0.43599
0.479144
0.327933
0.329918
0.329634
0.298112
0.306945
0.330408
0.350948
0.193643
0.11222
0.572835
0.207935
0.297016
0.493418
0.613754
0.432529
0.52282
0.570276
0.526828
0.522358
0.598595
0.633635
0.581217
0.54685
0.54071
0.624152
0.514691
0.626305
0.606515
0.61629
0.413521
0.361489
0.334349
0.361746
0.382902
0.30372
0.326019
0.331778
0.329801
0.418993
0.348532
0.332795
0.365373
0.309313
0.316271
0.332871
0.327264
0.326877
0.318112
0.547845
0.599219
0.594372
0.544787
0.213916
0.0
0.0
0.0
0.0
0.0
0.0
0.0
0.0
0.0
0.0
0.0
0.0
0.0
0.0
0.0
0.0
0.0
0.0
0.0
0.0
0.0
0.0
0.016377
0.026607
0.0
0.042378
0.0
0.091101
0.0
0.0
0.0
0.0
0.048082
0.0
0.0
0.0
0.0
0.097843
0.0
0.0
0.0
0.0
0.0
0.0
0.039851
0.046672
0.0
0.0
0.0
0.131088
0.046596
0.0
0.0
0.0
0.0
0.0
0.0
0.044679
0.0
0.0
0.0
0.0
0.0
0.050002
0.0
0.0
0.0
0.0
0.084606
0.0
0.074044
0.070854
0.0
0.039124
0.0
0.038686
0.0
0.0
0.0
0.0
0.095815
0.0
0.0
0.046628
0.0
0.0
0.0
0.0
0.047212
1.552033
2.831348
4.276719
4.601369
0.0
6.421088
6.874205
7.750492
8.001161
7.185628
7.388968
8.209318
8.316746
8.649657
5.499827
0.0
2.047068
7.367743
9.121647
9.813042
9.155488
0.0
16.558878
13.86121
13.453784
9.179571
8.303968
8.459689
8.302015
8.385478
8.522
8.498916
8.485839
0.0
8.295826
8.435513
8.53258
8.436698
8.670698
8.491186
8.45185
8.501873
8.482299
8.517822
8.361921
8.472436
8.670431
8.492028
8.696381
8.493731
8.440538
7.843234
8.31691
8.66284
8.759596
8.241057
8.740715
8.219788
8.487576
8.421318
8.363775
8.715853
8.675272
8.575274
8.440735
8.287244
8.551253
8.17016
8.203033
8.793155
8.387484
8.699045
8.557225
8.535957
0.0
8.419383
8.571173
8.53228
8.377757
8.367437
8.431307
8.769
8.373675
8.630055
8.399766
8.697607
8.076985
8.719678
8.365531
8.626701
8.490325
8.517899
8.397089
0.0
7.778398
1.97102
4.909941
3.667696
3.685925
5.067006
9.127251
9.555581
9.877997
9.168318
8.854215
8.594725
7.538632
9.028117
8.676287
8.727526
8.992202
10.09122
9.206111
8.695079
8.528986
8.84804
8.964038
8.43383
8.629217
8.593253
8.206944
8.580654
8.474387
8.659626
8.481278
8.533967
8.62172
8.595172
8.618009
8.602494
8.71873
8.558389
8.493329
8.283283
8.452691
8.695579
8.417444
8.567846
5.878161
8.935631
8.131377
8.908415
8.536144
8.621252
8.91337
9.303157
8.80332
8.49337
8.57105
8.594773
8.457151
8.526984
8.522043
8.423659
8.479036
8.729394
8.34262
8.779211
8.573642
8.827712
8.630089
8.649294
8.644263
8.620566
8.62264
8.673816
8.524701
8.394704
8.346403
8.587128
8.686768
8.620551
8.640852
8.480556
8.48272
8.293531
8.624365
8.689635
8.296795
8.844646
8.817572
8.522252
8.66884
8.38213
8.227516
8.986505
8.654328
8.544798
8.462457
8.378494
0.0
8.794016
10.113775
9.362689
9.19091
8.899008
8.874061
10.102721
8.638432
8.698463
8.692995
9.314313
8.827696
8.532055
8.427465
8.558319
8.313864
8.755984
8.897224
9.986282
9.522298
8.775244
8.564304
8.747482
8.759988
8.725352
7.601364
9.191084
8.496775
8.444275
8.512102
8.516195
0.3558
0.0
7.188187
6.810537
9.813953
8.196909
9.653132
8.544333
9.228035
8.563497
8.556437
8.511931
8.594742
8.450439
8.428519
0.0
8.423201
8.636353
8.534197
8.436034
8.487625
0.0
8.652456
8.702447
8.51524
8.012851
8.705237
7.983178
8.702397
8.467079
8.532922
0.0
8.654142
8.636691
8.778478
0.0
8.697946
8.450684
8.422088
8.730946
8.568932
8.469228
8.180432
8.635227
8.767288
8.670847
8.660483
8.669913
8.404761
8.5605
8.704927
8.653468
8.448115
8.54317
8.686774
8.434564
8.182617
8.396297
8.405472
8.763006
8.655127
8.879827
8.802089
8.847158
8.551135
8.710739
8.53569
8.419182
8.590131
8.739581
8.807113
8.602385
8.495781
9.037447
8.821823
8.787542
8.707926
8.779103
0.0
8.603225
8.371562
8.408903
8.376805
8.50732
8.897154
8.538572
8.956551
8.476181
8.542677
8.543876
8.667887
2.894218
2.211841
5.012321
3.967417
6.41286
6.793501
9.660958
9.034756
9.554983
10.110347
8.622763
7.566642
7.06308
7.530173
10.112935
10.10991
8.33749
8.341721
0.0
8.460383
8.260319
8.611411
8.450475
8.421529
7.779346
8.554935
8.20163
8.569181
8.475081
8.22501
0.0
8.558106
8.836817
8.510893
8.402663
8.597178
8.437343
8.405455
8.807059
8.699815
8.63453
8.757438
8.557364
8.452657
8.442276
8.381506
8.34435
8.633763
8.690269
8.601549
8.689025
8.516794
8.615966
8.761265
8.400895
8.511826
8.60602
8.44268
8.501811
8.623181
8.476164
8.550656
8.599638
8.694706
8.708154
8.504907
8.803837
8.381752
8.613791
8.431852
7.197963
9.156456
8.226192
8.375936
8.757238
8.550271
8.946741
8.556645
8.836508
8.619589
8.588895
8.56107
9.204326
8.804753
8.615878
8.871887
8.964177
8.609216
8.390108
8.35575
8.583512
8.699089
8.94079
8.72636
8.949704
8.397684
8.470706
8.499998
8.531431
10.111764
10.110971
0.0
8.921317
10.092239
9.710733
9.149745
7.597192
7.349637
8.52613
7.288835
10.101143
9.717348
3.147376
9.908705
7.932222
7.590584
8.467637
8.616156
8.788383
9.332565
6.355907
0.0
0.795331
7.73609
7.60974
8.412256
8.600776
8.454617
8.602793
8.532773
8.514893
8.321488
8.701495
8.405281
8.399679
8.483219
8.386052
8.467386
8.566593
8.599206
8.513287
8.733549
8.547266
8.541268
8.597605
8.562667
8.628141
8.289326
8.456786
0.0
8.638111
0.0
8.506793
8.448749
8.782008
8.645335
7.238822
8.690311
8.395389
8.892728
8.542757
8.52821
8.292721
8.724978
9.027518
8.625142
8.398829
8.788872
8.672897
8.839479
8.73205
8.749256
8.356575
8.344047
8.817515
8.694739
8.543794
8.388986
7.453374
8.256496
8.736711
8.701679
8.703794
8.595132
8.790636
8.860649
9.421189
8.34869
8.831378
9.134217
8.732196
8.293882
8.957355
8.714518
9.123509
8.898759
6.798663
9.191997
7.678679
7.661164
8.641354
8.846325
8.745245
8.585641
9.076318
8.283942
7.925126
8.945278
8.412786
8.736372
8.782961
8.666692
9.116821
8.901575
8.330729
8.559749
8.558601
8.478514
7.982869
8.499668
8.541638
8.43815
8.518596
8.868946
8.88823
8.840599
8.60721
8.465056
8.738509
8.633502
8.335101
9.007235
8.788731
8.662477
8.145732
7.23477
8.086067
9.037106
8.229026
8.400295
8.548957
7.121509
7.066294
10.115902
8.872081
8.265746
8.555713
7.736543
8.753465
9.626371
8.776666
7.55024
8.669239
8.423197
10.108344
8.882381
9.129276
8.872731
8.943629
9.32009
9.083294
9.230268
8.960889
9.553467
10.080702
9.20393
8.782881
9.140287
10.115391
9.631616
8.7768
8.709133
8.820204
8.728791
8.890052
8.670317
8.635812
8.553754
8.517212
8.80582
8.488169
8.520707
8.7039
8.681258
8.23873
8.592057
8.30286
8.455993
8.084181
6.690281
8.038445
6.798342
5.394543
