0.785
0.413
0.414
0.425
0.401
0.461
0.415
0.42
0.554
0.601
0.542
0.604
0.427
0.571
0.684
0.569
0.491
0.356
0.408
0.453
0.458
0.524
0.443
0.354
0.31
0.62
0.473
0.492
996.655
0.436
0.422
0.447
0.36
0.399
0.362
0.624
0.45
0.656
0.721
0.596
0.471
0.745
0.458
0.55
0.41
0.49
0.342
0.402
0.391
0.437
0.723
0.636
0.522
0.595
0.567
998.069
0.682
0.525
0.805
0.666
0.712
0.737
0.554
0.715
0.521
998.792
0.379
0.613
0.656
0.569
0.789
0.801
0.479
0.486
0.701
0.633
0.685
0.687
0.522
0.371
0.341
0.382
0.818
0.648
0.769
0.652
0.784
0.722
0.698
0.733
0.806
0.512
0.459
0.465
0.445
0.456
0.444
0.694
0.487
0.43
0.6
0.578
0.431
0.406
0.647
0.574
0.621
0.64
0.44
0.416
0.418
0.414
0.438
0.396
0.437
0.796
0.762
1.664
1.362
0.636
0.875
0.745
0.487
998.653
0.837
0.674
0.671
0.823
0.507
0.422
0.395
0.526
0.404
1000.284
0.367
0.354
0.579
0.636
0.499
0.421
0.397
0.407
0.42
0.438
0.425
0.416
0.435
0.424
0.399
0.319
0.388
0.46
0.424
0.433
0.402
0.434
0.416
0.402
0.44
0.403
0.423
0.477
0.431
0.411
0.446
0.661
0.615
0.507
0.401
0.442
0.394
0.404
0.38
0.455
0.452
997.559
0.832
0.484
0.4
0.44
0.452
0.418
0.45
0.463
0.468
0.432
0.404
0.668
0.683
0.52
0.637
0.587
0.629
0.534
0.421
0.421
0.439
0.41
0.423
0.427
0.406
0.423
0.424
0.408
0.419
0.449
0.43
0.417
0.423
0.433
0.411
0.416
0.412
999.901
0.434
0.649
0.473
999.554
0.401
0.417
0.411
0.392
0.598
0.594
0.567
0.418
0.481
0.617
0.424
0.464
0.465
0.473
0.646
0.769
0.673
0.768
0.405
0.392
0.424
0.438
0.431
0.435
0.448
0.423
0.439
0.438
0.414
0.42
0.416
0.414
0.408
0.432
0.561
0.393
0.405
0.416
0.406
0.412
0.406
0.424
0.429
0.408
0.394
997.017
0.407
0.406
0.408
0.398
0.486
0.413
0.41
0.405
0.385
0.42
0.482
0.75
0.621
0.52
0.421
0.405
0.398
0.418
0.377
0.413
0.407
0.422
0.417
0.409
0.402
0.537
0.444
0.484
0.847
1000.557
0.674
0.833
0.599
0.69
0.747
0.618
0.76
0.596
0.445
0.595
0.588
0.42
0.542
0.625
0.696
0.729
0.622
0.477
0.676
0.55
0.475
999.721
0.572
0.559
0.831
0.552
0.44
0.427
0.449
0.702
0.687
0.599
0.683
0.789
0.698
0.572
0.44
0.416
0.579
0.572
0.728
0.635
0.602
0.567
0.614
0.444
0.448
0.432
0.438
0.446
0.447
0.434
0.441
0.458
0.573
0.688
0.705
0.696
0.685
0.717
0.684
0.686
0.714
0.779
0.777
0.649
0.716
0.686
0.677
0.68
0.723
0.772
0.733
0.728
0.565
0.422
0.419
0.382
0.42
0.44
0.547
0.718
0.669
0.427
0.416
0.415
0.747
0.734
0.616
0.642
0.407
0.404
0.395
0.459
0.418
0.452
0.42
0.416
0.404
0.41
0.762
0.733
0.731
0.743
0.852
0.648
0.551
0.643
0.491
0.382
0.457
0.733
0.606
0.785
0.701
0.72
0.696
0.702
0.679
0.711
0.7
0.703
0.687
0.661
0.486
0.436
0.446
0.409
0.412
0.432
0.396
0.402
0.413
0.36
0.398
0.399
0.411
1000.196
0.399
0.417
0.453
0.404
0.415
0.392
0.417
0.423
0.41
0.415
0.407
0.404
0.439
0.502
0.658
0.707
0.596
0.439
0.455
0.459
0.399
0.425
0.41
0.399
0.419
0.418
0.455
0.462
0.458
0.461
0.484
0.422
0.407
0.401
0.416
0.629
0.655
0.614
0.409
0.414
0.419
0.405
0.403
0.411
0.595
0.716
0.637
0.585
0.392
0.407
0.392
0.39
0.38
0.468
0.622
0.492
0.507
0.407
0.37
0.374
0.379
0.413
0.434
0.541
0.809
0.653
0.948
0.585
0.593
0.381
0.374
0.404
0.402
0.435
0.457
0.432
0.367
0.417
0.429
0.406
0.377
0.419
0.416
0.393
0.367
0.377
0.384
0.376
0.369
0.375
0.403
0.383
998.534
0.721
0.66
0.661
0.644
0.423
0.37
0.384
0.43
0.436
0.396
0.427
0.414
0.409
0.371
0.372
0.468
0.657
0.464
0.383
0.383
0.411
0.416
0.468
0.403
0.416
0.398
24.016
22.894
21.859
20.769
19.902
18.69
17.54
16.603
15.382
14.459
13.162
12.162
11.281
9.877
9.111
1003.579
10.568
9.502
8.382
15.299
14.228
13.144
1000.622
18.907
17.814
16.765
23.63
22.663
21.506
20.493
19.308
18.235
17.164
17.406
16.356
15.277
14.211
13.1
12.067
10.959
9.923
8.841
7.806
6.637
5.507
4.459
3.406
2.309
1.435
0.45
1.429
0.838
0.733
0.38
0.369
0.427
0.646
0.535
0.724
0.675
0.623
0.374
0.389
0.425
0.376
0.381
0.674
0.535
0.379
0.482
0.437
0.38
0.388
0.496
0.399
0.397
0.401
0.432
0.405
0.382
1001.018
0.406
0.421
0.428
0.388
0.383
0.395
0.45
0.493
0.385
0.373
0.45
0.388
0.364
0.422
0.391
0.399
0.413
0.49
0.532
0.433
0.457
0.602
0.393
0.436
0.383
0.401
0.376
0.366
0.445
0.455
0.66
0.459
0.41
0.39
0.404
0.377
0.446
0.423
0.466
0.479
0.44
0.404
0.356
0.939
0.351
0.517
0.448
0.776
0.388
0.343
0.387
0.372
0.417
0.383
0.411
998.725
0.344
0.537
0.571
0.396
0.383
0.387
0.373
0.38
0.445
0.415
0.423
0.382
0.399
999.278
0.344
0.358
0.407
0.365
0.418
0.388
0.339
0.357
0.371
0.387
0.401
0.419
0.438
0.423
998.784
0.389
0.463
0.608
0.426
0.393
0.353
0.376
0.412
0.672
1.896
0.833
0.795
0.462
0.296
0.59
0.415
1001.909
0.593
0.807
0.764
0.663
0.677
0.678
0.653
0.593
998.222
0.51
0.794
0.701
0.678
0.566
0.514
0.51
0.407
0.485
0.6
0.732
0.706
0.694
0.703
0.693
0.73
0.705
0.731
0.63
0.574
0.518
0.516
0.729
0.681
0.669
0.692
0.682
0.729
0.727
0.661
0.548
0.771
0.716
0.695
0.675
0.689
0.707
0.683
0.699
0.674
0.713
0.687
0.66
0.536
0.39
0.395
0.46
0.754
0.711
0.679
0.671
0.752
0.466
0.402
0.425
0.466
0.456
0.409
0.408
0.553
999.015
0.612
0.477
1000.224
0.713
0.734
0.722
0.676
0.726
0.681
0.693
0.677
0.716
0.737
0.701
0.714
0.707
0.705
0.696
0.617
0.485
0.409
0.5
0.426
0.406
0.463
998.89
0.613
0.637
0.704
0.766
0.76
0.7
0.678
0.678
0.697
0.687
0.684
0.686
0.729
0.722
0.724
0.692
0.651
0.678
0.682
0.734
0.773
0.708
0.731
1.054
0.779
1.858
0.775
0.596
0.394
0.89
0.499
0.467
0.996
0.419
999.697
1.021
0.463
0.427
0.42
0.398
0.403
1.102
0.402
0.715
0.41
0.424
0.442
0.487
0.617
0.454
0.469
0.397
0.412
0.567
0.47
0.5
0.399
0.402
0.388
0.634
0.458
0.498
997.466
0.588
0.497
0.424
0.442
0.426
0.415
0.433
0.445
0.433
0.482
0.377
0.449
998.447
0.442
0.47
0.422
0.47
0.428
0.431
0.42
0.459
0.458
0.466
0.464
0.49
0.563
999.054
0.638
0.82
0.775
0.779
0.763
0.762
0.769
0.802
0.779
0.732
0.745
0.753
0.76
0.74
0.716
0.74
0.752
0.759
0.714
0.744
0.747
0.744
0.734
0.533
0.558
0.385
0.382
0.387
0.733
0.836
0.374
0.343
0.342
0.34
0.421
0.406
0.368
0.371
0.37
0.391
0.435
0.413
0.551
0.508
0.559
0.611
0.382
0.456
0.395
0.599
0.456
0.61
0.45
0.557
0.406
0.417
0.482
0.477
0.467
0.523
0.442
0.369
0.371
0.432
0.367
998.8
0.614
0.603
0.534
0.583
0.395
0.581
0.481
0.412
997.635
0.673
0.593
0.534
0.507
0.577
1.11
1.225
1.073
0.917
0.768
0.695
0.733
0.723
0.713
0.738
0.761
0.815
999.357
0.815
0.81
0.688
0.678
0.697
0.685
0.684
0.836
0.817
0.827
0.807
0.71
0.752
0.763
0.726
0.73
0.716
0.722
0.715
0.72
0.7
0.742
0.71
0.706
0.728
0.766
0.731
0.688
0.713
0.684
0.701
0.7
0.637
0.474
999.305
0.402
0.406
0.475
0.753
0.783
0.662
0.418
0.651
0.727
0.655
0.634
0.458
0.426
0.441
0.412
0.438
0.429
0.404
0.42
0.428
0.478
0.537
0.706
0.7
0.682
0.728
0.696
0.835
0.678
0.701
0.714
0.74
0.703
0.706
0.72
0.707
0.737
0.78
0.789
0.688
0.701
0.674
0.714
0.718
0.686
0.842
0.6
0.502
0.577
0.531
0.597
0.424
0.443
0.405
0.399
0.409
0.448
0.407
0.431
997.51
0.424
0.46
0.424
0.425
0.421
0.425
0.418
0.419
0.407
0.436
0.473
0.459
0.426
0.42
0.41
0.46
0.439
0.444
0.54
0.427
0.417
0.42
0.403
0.448
0.473
0.548
0.763
0.706
0.736
0.75
0.692
0.664
0.496
0.437
0.409
0.433
0.407
0.417
0.417
0.447
0.437
0.408
0.407
0.417
0.441
0.419
0.446
0.48
0.646
0.474
0.568
0.59
0.473
0.425
0.412
0.53
0.773
0.842
0.777
0.725
0.655
0.68
0.644
0.763
0.741
0.729
1000.358
0.742
0.72
0.758
0.692
0.691
0.615
0.399
0.412
0.426
0.405
0.418
0.404
0.397
0.417
0.413
0.432
0.432
0.452
0.398
0.411
0.395
0.424
0.409
0.408
0.42
0.374
0.422
0.421
0.438
0.42
0.415
0.413
0.425
0.446
0.43
0.452
0.412
0.406
0.408
0.418
0.43
0.514
0.694
0.506
0.438
997.49
0.578
999.294
0.712
0.621
0.604
0.567
0.715
0.887
0.755
0.695
0.719
0.697
0.676
0.71
0.756
0.736
0.718
0.716
0.699
0.695
0.678
0.718
0.71
0.677
0.723
0.708
0.717
999.166
0.71
0.73
999.35
0.679
0.413
0.478
0.548
0.487
0.713
0.703
0.713
0.601
0.401
0.416
0.458
0.517
0.686
0.744
0.707
0.695
0.741
0.688
0.684
0.657
0.684
0.693
0.536
0.705
0.712
0.631
0.702
0.697
0.708
0.754
0.75
0.711
0.75
0.832
0.69
0.71
0.724
0.81
0.721
0.743
0.799
0.732
0.696
0.687
0.656
0.708
0.675
0.72
0.722
0.721
0.681
0.709
0.696
0.685
0.698
0.707
0.719
0.68
0.718
0.682
0.703
0.703
0.692
0.723
0.728
0.732
996.604
0.702
0.691
0.718
0.715
0.712
0.693
0.727
0.685
0.673
0.691
0.729
0.678
0.692
0.691
0.69
0.699
0.0
0.676
0.761
0.421
0.357
0.345
0.396
0.414
0.404
0.45
0.579
0.672
0.701
0.695
0.697
0.703
0.714
0.687
0.729
0.699
0.712
0.629
0.699
0.685
0.705
0.641
0.461
0.396
0.43
0.409
0.411
0.514
0.689
0.712
0.699
0.0
0.598
0.653
0.702
0.674
0.704
1001.271
0.72
0.716
0.675
0.789
0.679
0.695
0.722
0.728
0.734
0.716
0.737
0.0
0.743
0.758
0.721
0.703
0.686
0.681
0.693
0.688
0.69
0.703
0.684
0.722
0.742
0.747
0.725
0.705
0.661
0.47
0.412
0.396
996.919
0.419
0.389
0.399
0.442
0.677
0.721
0.682
0.701
0.708
0.729
0.687
999.62
0.707
0.699
0.68
0.664
0.479
0.42
0.427
0.42
0.403
0.42
0.398
0.408
0.421
2000.483
0.482
0.467
0.512
0.675
0.701
0.707
0.685
0.595
0.422
0.414
0.421
0.414
0.414
0.39
0.409
0.404
0.416
0.415
0.426
0.448
0.439
0.448
0.403
0.41
0.413
0.413
0.407
0.478
0.463
0.429
0.441
0.452
0.754
0.566
0.43
0.569
0.467
0.351
0.405
0.411
0.411
0.0
0.376
0.439
0.83
0.628
0.667
0.73
0.697
0.703
0.703
0.693
0.687
0.694
0.733
0.699
997.528
0.685
0.696
0.692
0.707
0.726
0.705
998.163
0.705
0.733
0.738
0.8
0.699
0.846
0.511
0.736
0.46
0.428
0.848
0.699
0.561
0.674
0.427
0.416
0.397
0.421
0.418
0.413
0.418
0.396
0.448
0.419
0.416
0.415
0.476
0.454
0.473
0.419
0.434
0.434
0.431
0.464
0.407
0.432
0.421
0.441
0.432
0.468
0.466
0.436
0.456
0.435
0.443
0.432
0.43
0.444
0.585
0.779
0.762
0.691
0.682
0.713
0.71
0.726
0.71
0.729
0.685
0.754
0.721
0.766
0.711
0.786
0.839
0.589
0.565
0.454
0.405
0.413
0.438
0.393
0.463
0.443
0.433
0.385
0.404
0.437
0.415
0.419
0.4
0.444
0.437
0.51
0.39
0.405
0.402
0.387
0.406
0.477
0.405
0.401
0.43
0.42
0.433
0.446
0.408
0.419
0.451
0.467
0.417
0.412
0.447
999.707
0.432
0.428
0.395
0.425
997.9
0.785
0.695
0.722
0.74
0.701
0.701
0.714
0.676
0.778
0.655
0.619
0.64
0.611
0.412
0.425
0.39
0.366
0.405
0.41
0.416
0.416
0.438
0.424
0.447
0.43
0.425
0.439
0.416
0.438
0.42
0.417
0.443
0.453
0.867
999.865
0.57
0.62
0.45
0.879
0.565
1000.838
0.723
0.711
0.749
0.524
0.428
0.422
0.404
0.375
0.416
0.406
0.399
0.417
0.397
0.57
0.659
0.539
1002.172
1.577
0.76
0.482
0.378
0.375
0.688
0.367
0.46
0.339
0.66
0.584
0.765
0.587
0.459
0.41
0.531
0.334
1.176
0.551
0.618
0.533
0.458
0.363
0.422
1.102
0.706
0.773
999.768
0.642
0.686
0.723
0.705
0.738
0.775
0.829
0.769
0.627
0.473
0.643
0.605
0.67
0.564
0.673
0.586
0.835
0.594
0.56
0.453
0.615
0.605
0.498
0.473
0.528
0.33
0.359
0.436
0.447
0.449
0.437
0.475
0.424
0.446
0.422
1000.297
0.44
0.735
0.774
0.716
0.722
0.756
0.832
0.702
0.769
0.742
0.71
0.737
0.747
0.658
0.846
0.677
0.724
0.599
0.499
0.403
0.445
0.412
0.393
0.456
0.521
0.798
0.517
0.516
0.426
0.498
0.698
0.694
0.665
0.44
0.52
0.478
0.499
0.41
0.426
0.812
0.534
0.414
0.397
0.402
0.405
0.414
0.417
0.507
0.55
0.567
0.542
0.464
0.696
0.509
0.411
0.4
0.402
0.415
0.423
0.387
0.496
999.588
0.763
0.727
0.521
0.409
0.457
0.627
0.583
0.544
0.671
0.756
0.604
0.43
0.448
0.442
0.433
0.53
0.558
0.529
0.414
0.447
0.423
0.42
0.577
0.427
0.422
0.418
0.407
0.412
0.447
0.805
0.53
0.409
0.415
0.418
0.407
0.399
0.417
0.442
0.599
0.526
0.508
0.426
0.474
0.364
0.398
0.395
0.444
0.562
0.399
0.438
0.476
0.759
0.533
0.47
0.404
0.358
0.399
0.42
1002.828
0.449
0.441
0.425
0.54
0.455
0.425
0.455
0.448
0.426
0.575
0.513
0.415
0.403
0.431
0.396
0.415
0.434
0.394
0.443
0.465
0.642
0.6
0.465
0.414
0.417
0.417
0.813
0.488
0.445
0.365
0.426
0.492
0.781
0.704
0.441
0.442
0.436
0.443
0.456
0.504
0.78
0.805
0.542
0.43
0.434
1000.212
0.433
0.704
0.582
999.791
0.524
0.764
0.499
0.537
0.567
0.677
0.544
0.459
0.866
0.378
0.513
0.498
0.426
0.531
0.569
0.484
0.669
0.455
0.465
0.661
1000.296
0.711
0.489
0.694
0.43
0.42
0.694
0.524
0.375
0.623
0.528
0.457
0.422
0.643
0.493
0.483
0.629
0.54
0.491
0.541
0.516
0.438
0.545
0.665
0.597
0.442
0.65
0.44
0.59
0.588
0.488
0.621
0.7
0.425
0.459
0.553
0.488
0.533
0.54
0.538
0.581
0.668
0.687
0.44
0.325
0.349
0.443
0.578
997.583
0.617
0.704
0.568
0.731
0.431
0.622
0.671
0.631
0.581
0.603
0.602
0.568
0.514
0.494
0.741
0.499
0.605
0.601
0.454
0.747
0.546
0.419
0.769
0.716
0.747
0.565
0.595
0.553
0.566
0.68
0.492
0.673
0.55
0.625
0.461
0.451
0.46
0.477
0.504
0.439
0.464
0.687
0.698
0.493
0.674
0.461
0.405
997.043
0.556
0.346
0.694
0.545
0.636
0.562
0.755
0.622
0.439
0.596
0.498
0.609
0.4
0.479
0.541
0.465
0.438
0.554
0.579
0.47
0.538
0.547
0.449
0.481
0.575
0.507
0.568
0.433
0.338
0.475
0.391
0.499
0.712
0.511
0.648
0.638
0.714
0.421
0.298
0.279
0.412
0.55
0.592
0.49
0.63
0.503
0.68
0.66
0.486
0.619
0.682
0.618
0.52
0.516
0.664
0.503
0.586
0.59
0.62
0.666
0.556
0.552
0.527
0.422
0.802
0.752
0.775
0.537
0.575
0.604
0.719
0.513
0.439
0.537
0.631
0.421
0.419
0.485
0.479
0.583
0.492
0.441
0.481
0.421
0.427
0.403
0.422
0.449
0.447
0.51
998.936
0.588
0.719
0.619
0.581
0.515
0.428
0.425
0.521
0.315
0.33
0.85
0.435
1.338
0.348
0.959
0.699
1000.215
0.539
0.552
0.442
0.417
0.399
0.434
0.44
0.401
0.65
0.47
0.456
0.419
0.524
0.591
0.47
0.423
0.463
0.413
0.446
0.445
0.445
0.415
0.439
0.474
0.429
0.347
0.561
0.407
0.34
0.418
998.336
0.392
0.419
0.405
0.416
0.435
0.435
0.416
0.401
0.546
0.443
0.437
0.434
0.546
0.419
0.443
0.417
0.419
0.443
0.423
0.431
0.432
0.427
0.427
0.468
0.444
0.45
1000.39
0.457
0.43
0.436
0.448
0.421
0.433
0.449
0.435
0.435
0.486
0.429
0.436
0.428
0.435
0.428
0.429
0.399
0.422
0.42
0.417
997.312
0.433
0.427
0.423
997.009
0.401
998.784
0.415
0.544
0.678
0.516
0.46
0.674
0.681
0.437
0.439
0.716
0.495
0.471
0.44
0.508
0.429
0.427
0.428
0.39
998.199
0.39
0.445
0.445
0.56
0.428
0.385
0.372
0.376
1000.081
0.384
0.377
0.416
0.686
0.432
0.451
0.608
0.508
0.41
0.403
0.438
0.404
0.436
0.391
0.4
0.37
0.411
0.395
0.41
0.434
0.394
0.383
0.395
0.382
0.386
0.444
0.384
0.435
0.512
0.412
0.385
0.431
0.424
0.483
0.486
0.441
0.741
0.43
0.435
0.456
0.423
0.424
0.464
0.462
998.508
0.414
0.416
0.592
0.536
0.439
0.434
0.398
0.522
0.402
0.427
0.407
0.404
0.495
0.389
0.391
0.401
0.407
0.385
0.459
0.431
0.417
0.427
0.495
0.439
0.356
0.359
0.373
0.458
0.436
0.458
0.453
0.618
0.523
0.727
0.492
0.394
0.433
0.372
0.413
0.398
997.382
0.376
0.412
0.381
0.377
0.406
0.401
0.377
0.407
0.367
0.434
0.566
0.633
0.539
0.529
0.389
0.42
0.378
997.58
0.431
0.404
0.393
0.415
0.428
0.374
0.371
0.372
0.408
0.407
0.501
20.734
19.558
18.396
17.359
16.286
15.154
14.109
13.01
12.055
11.006
9.953
8.901
7.879
6.823
5.79
4.714
3.693
2.653
1.599
3.54
2.549
1.399
0.44
7.485
6.444
5.289
4.259
3.17
2.034
0.984
7.781
6.636
5.586
4.54
3.426
2.267
1.252
6.671
5.52
4.446
3.408
2.308
1.198
0.734
0.643
0.526
0.585
0.451
0.446
0.445
0.392
0.396
999.372
0.417
0.467
1000.096
0.373
0.374
0.412
0.444
0.404
997.436
0.503
0.697
0.498
0.405
0.464
0.583
0.428
0.641
0.439
0.39
0.711
0.715
0.512
22.759
21.643
20.436
19.479
18.413
17.067
15.984
998.78
14.079
13.211
11.629
10.494
9.355
8.64
11.147
10.116
9.052
11.963
10.845
9.769
8.685
11.436
10.261
9.137
11.936
10.749
9.641
8.395
15.342
14.225
13.06
18.896
17.724
16.604
15.355
14.341
13.191
12.069
10.923
9.897
8.678
7.579
6.718
5.664
4.567
999.467
2.151
0.533
0.695
0.711
0.759
0.535
0.559
0.678
0.41
0.593
998.72
0.417
0.415
0.38
0.405
0.386
0.65
0.514
0.383
0.383
0.483
0.445
0.679
0.658
0.775
0.843
0.64
0.403
0.387
0.0
0.718
0.56
0.592
0.751
0.563
0.742
0.53
0.506
0.496
0.389
0.38
0.501
0.387
0.551
0.915
0.559
0.389
0.379
0.413
998.907
0.46
0.452
0.635
0.67
0.678
0.391
0.379
0.405
0.535
0.869
0.523
0.471
0.886
0.779
0.834
0.751
0.936
0.842
0.895
0.895
0.836
0.805
0.731
0.763
0.754
0.8
0.775
0.784
0.776
0.659
0.805
0.813
0.825
0.74
0.761
0.781
0.824
0.815
0.777
0.768
0.738
0.86
0.79
0.795
0.68
0.805
0.789
0.66
0.725
0.804
0.78
0.705
0.815
0.794
0.655
0.8
0.809
0.779
0.673
0.798
0.842
0.677
0.757
0.798
0.827
0.763
0.809
0.795
997.743
0.767
0.834
0.674
0.704
0.673
0.727
0.86
0.616
0.72
0.861
0.894
0.811
0.806
0.794
0.704
0.824
0.799
0.804
0.774
0.0
0.763
0.77
0.819
0.708
0.796
0.699
0.785
0.788
0.768
0.815
0.819
0.784
0.725
0.898
0.847
0.715
0.639
0.498
0.417
0.432
0.702
0.635
0.92
0.976
0.822
0.766
0.722
0.686
0.751
0.82
0.804
0.83
0.833
0.7
0.752
0.777
0.799
0.63
0.713
0.786
0.759
0.782
0.767
0.8
997.405
1000.465
0.863
0.805
0.656
0.662
0.784
0.755
0.716
0.562
0.598
0.748
0.705
0.785
0.813
0.731
0.58
0.815
0.788
0.683
0.746
0.842
0.702
0.874
0.926
0.915
0.78
1.029
0.762
0.738
0.78
0.742
0.903
0.737
0.536
0.437
0.428
0.566
0.654
0.515
0.44
0.546
0.432
0.411
0.421
0.417
0.504
0.762
0.684
0.519
0.416
0.435
0.42
0.42
0.45
0.64
0.63
0.549
0.487
0.612
0.71
0.763
0.674
0.597
0.652
0.653
0.595
0.694
0.803
0.591
0.676
0.454
0.0
0.468
0.76
0.812
0.744
0.563
0.617
0.456
0.456
0.643
0.725
0.536
0.586
0.411
0.444
0.52
0.422
0.0
0.458
0.431
0.638
0.56
0.511
0.441
0.509
0.43
0.598
0.506
0.647
0.616
0.478
0.621
0.7
0.556
0.838
0.812
0.502
0.424
0.454
0.436
0.427
0.44
0.43
0.451
0.429
0.422
0.428
0.427
0.439
0.0
0.742
0.63
0.487
0.426
0.445
0.502
0.616
0.441
0.723
0.57
0.525
0.415
999.222
0.431
0.654
0.895
0.794
0.786
0.766
0.81
0.835
0.794
0.809
0.659
0.627
0.77
0.763
0.76
0.719
0.777
0.767
0.787
0.628
0.868
0.89
0.0
0.894
0.775
0.807
0.718
0.843
0.844
0.846
0.829
0.82
0.67
0.671
0.67
0.91
0.737
0.752
0.811
0.736
0.454
0.41
0.428
0.434
0.691
0.804
0.609
0.473
0.631
0.494
0.416
0.368
0.462
0.46
0.672
0.754
1.042
0.4
0.395
0.356
0.38
0.37
0.416
0.428
0.396
0.406
0.75
0.344
0.35
0.368
0.345
0.362
0.408
0.421
0.552
0.359
0.361
0.983
0.776
1.76
0.937
0.0
0.917
0.902
2.543
1.438
0.913
1.771
1.24
1.039
1.549
0.949
0.697
1.411
0.855
0.577
0.842
0.711
0.814
0.785
0.733
0.847
0.682
0.699
0.612
0.682
0.618
0.764
0.788
0.678
0.651
0.48
1.033
0.682
0.78
0.663
0.702
0.719
0.651
0.388
0.706
0.699
0.621
0.438
0.553
0.528
0.424
0.489
0.562
0.592
0.576
0.574
0.713
0.675
0.693
0.715
0.62
0.726
0.742
0.525
0.456
0.638
0.681
0.665
0.625
0.652
0.705
0.62
0.783
0.819
0.8
0.446
0.639
0.582
0.695
0.614
0.721
0.741
0.688
0.643
0.718
0.709
0.634
0.674
0.722
0.532
0.727
0.777
0.712
0.502
0.449
0.622
0.723
0.636
0.65
0.501
0.894
0.487
0.833
0.901
0.738
0.388
0.361
0.688
0.578
0.717
0.721
0.734
0.613
0.571
0.341
0.511
0.761
0.489
0.639
0.786
0.48
0.6
0.688
0.657
0.43
0.868
0.73
0.727
0.538
0.572
0.539
0.647
0.727
0.629
0.565
0.569
0.7
0.436
0.826
0.471
0.682
0.628
0.702
0.448
0.633
0.504
0.552
0.488
0.447
0.404
0.421
0.596
0.56
0.554
0.51
0.556
0.591
0.496
0.567
0.453
0.574
0.636
0.49
0.369
0.6
998.273
0.656
0.429
0.541
0.591
0.508
0.719
0.759
0.669
0.504
0.615
0.425
0.569
0.462
0.609
0.798
0.416
0.543
0.438
0.444
0.553
0.625
0.702
0.651
0.761
0.623
0.559
0.598
0.647
0.66
0.547
0.456
0.641
0.681
0.687
0.697
0.707
0.725
0.665
0.405
0.407
0.767
0.517
0.675
0.775
0.747
0.579
0.569
0.383
0.357
0.507
0.617
0.391
0.682
0.589
0.699
0.755
0.742
0.446
0.72
0.748
0.64
0.625
0.692
0.638
0.511
0.502
0.492
0.412
0.413
0.441
999.563
0.542
0.405
0.453
0.408
0.395
0.404
0.416
0.414
0.428
0.438
0.406
0.458
0.495
0.46
0.424
0.401
0.435
0.41
0.426
0.472
0.473
0.426
0.4
0.436
0.429
0.41
0.459
0.469
0.68
0.584
0.445
0.428
998.942
0.672
0.54
0.427
0.434
0.42
0.472
0.423
0.397
0.429
0.477
0.386
0.474
0.918
0.898
0.656
0.79
0.673
0.824
0.638
0.868
0.537
0.445
0.448
0.406
0.43
0.823
0.829
0.62
0.414
0.437
996.646
0.472
0.389
0.408
0.412
0.398
0.419
0.489
0.414
0.411
0.432
0.606
0.795
0.587
0.617
0.579
0.599
0.46
0.432
0.537
998.343
0.415
0.42
0.421
0.44
0.478
0.449
0.441
0.457
0.454
0.674
0.597
0.523
0.75
0.616
0.465
0.493
0.764
0.597
0.674
0.552
0.417
0.384
0.417
0.551
0.453
0.46
0.404
0.405
0.406
0.39
0.415
0.464
0.744
0.649
0.411
0.412
0.417
0.4
0.451
0.453
0.704
0.682
998.554
0.625
0.653
0.456
998.155
0.59
0.794
0.499
0.441
0.66
0.624
0.487
0.403
0.44
0.404
0.398
0.41
0.412
0.407
0.445
0.401
999.469
998.353
997.225
0.516
0.416
0.43
0.408
0.419
0.408
0.411
0.414
0.386
0.412
0.417
0.426
0.417
0.397
0.428
0.409
0.395
0.4
1000.107
0.38
0.405
0.409
0.387
0.409
0.424
0.46
0.438
0.455
0.432
0.716
0.627
0.606
0.516
0.743
998.849
0.68
0.595
0.464
0.67
0.488
0.598
0.498
0.507
0.442
0.451
0.487
0.467
0.463
0.36
0.556
0.791
0.577
998.561
0.454
0.441
0.412
0.353
0.373
0.389
0.402
0.364
0.355
0.403
0.428
0.358
0.411
0.388
998.143
0.329
0.417
0.387
0.42
0.416
0.358
0.364
997.048
0.56
0.386
0.379
0.305
0.367
0.408
0.424
0.349
0.351
0.372
0.492
0.687
0.407
0.386
0.393
0.408
0.556
0.352
0.334
0.359
0.37
0.358
0.423
0.354
0.348
0.542
0.354
0.359
0.37
0.466
0.336
0.403
0.405
0.575
0.404
0.364
0.376
991.661
0.356
0.593
0.325
0.311
0.354
0.36
0.322
0.356
0.402
0.454
0.351
0.351
0.427
0.346
0.401
0.489
0.326
0.342
0.338
0.341
0.397
0.344
0.361
0.381
0.312
0.364
0.361
0.373
0.396
0.364
0.37
0.371
0.366
0.362
0.399
0.315
0.343
0.306
0.301
0.302
0.32
0.314
0.326
0.398
0.383
0.337
0.375
0.345
0.327
0.336
0.361
0.583
0.35
0.362
0.35
0.361
0.419
0.471
0.364
998.208
0.515
0.453
0.615
0.373
0.344
0.336
0.637
0.35
0.347
0.355
0.358
0.374
0.332
0.346
0.508
0.345
0.44
0.461
997.928
0.637
0.38
0.645
0.397
0.346
0.381
0.347
0.353
0.389
0.347
0.503
0.601
0.402
0.655
0.393
0.484
0.48
0.414
0.271
0.531
0.322
0.31
0.326
0.353
0.389
0.465
0.561
991.574
0.46
0.51
0.439
999.51
0.554
0.54
0.349
0.397
0.511
1000.548
0.453
0.46
0.759
0.368
0.373
0.373
0.315
0.333
0.499
0.461
0.502
0.485
0.384
0.516
0.531
0.779
0.681
0.607
0.352
0.451
0.361
0.347
0.346
0.432
0.42
0.375
0.52
0.341
0.423
0.368
0.374
0.373
0.431
0.521
0.493
0.342
0.335
0.485
0.495
0.472
0.375
0.33
0.331
0.451
0.41
0.618
0.343
0.355
0.561
0.337
0.324
0.329
0.387
0.364
0.351
0.431
0.63
0.338
0.345
0.414
0.735
0.671
0.67
0.368
0.59
0.654
0.467
0.346
0.334
0.441
0.319
0.278
0.363
0.335
0.353
0.398
0.561
0.448
0.446
0.318
0.418
0.675
0.607
0.474
0.645
0.397
0.459
0.501
0.348
0.355
0.344
0.352
0.342
0.352
0.387
0.373
0.376
0.332
0.663
0.332
0.337
0.346
0.412
0.477
0.567
0.785
0.492
0.539
0.428
0.48
0.672
0.733
0.494
0.505
0.559
0.436
0.719
0.771
0.801
0.688
0.596
0.735
0.755
0.527
0.684
0.744
0.574
0.359
0.351
0.37
0.41
0.574
0.494
999.698
0.682
0.881
0.625
0.681
0.913
0.516
0.538
0.644
0.747
0.575
0.467
0.435
0.43
0.647
0.611
0.849
0.553
0.532
0.867
0.567
996.692
0.81
0.0
0.715
0.974
0.798
0.877
0.698
0.822
0.703
0.739
1000.375
0.72
0.707
0.709
0.724
0.705
0.695
0.655
0.398
0.38
0.413
0.798
0.486
0.514
0.82
0.665
0.554
0.575
0.775
0.694
0.437
0.604
0.413
0.465
997.853
0.385
0.407
0.403
0.811
0.658
0.716
0.915
2.416
1.307
0.756
0.789
0.772
0.807
0.804
0.821
0.834
0.854
0.514
996.819
0.387
0.416
0.417
0.446
0.396
0.447
0.45
999.901
0.424
0.428
0.465
0.441
0.506
0.716
0.651
999.132
0.666
0.651
0.686
0.724
0.656
0.723
0.627
0.596
997.212
0.651
2.052
0.95
997.012
2.274
1.303
0.669
0.707
0.719
0.734
0.752
999.965
0.778
0.72
0.847
0.665
0.799
0.512
0.437
0.414
0.42
0.418
0.414
0.403
0.428
0.434
0.39
0.413
0.413
0.721
0.573
0.407
0.482
0.811
0.774
0.564
1000.721
0.403
0.423
0.517
0.417
0.414
0.391
0.426
0.443
0.646
0.516
0.471
0.463
0.508
0.625
0.411
0.527
0.425
1.771
0.776
0.532
0.636
0.537
0.51
0.733
0.655
0.666
0.469
0.595
0.387
0.421
0.394
0.39
0.441
0.399
0.438
0.477
0.563
0.455
0.415
0.602
0.576
0.533
997.124
0.692
0.51
0.403
0.384
999.149
0.398
0.414
0.39
998.698
0.545
0.453
0.436
0.449
0.689
0.517
0.45
0.384
0.432
0.39
0.402
0.43
0.414
0.491
0.548
0.421
0.397
0.415
0.494
0.457
0.426
0.404
0.397
0.436
0.401
0.422
0.549
0.801
0.58
0.447
0.405
0.413
0.409
0.463
0.432
0.489
0.405
0.399
0.415
0.399
0.464
0.485
0.431
0.566
0.46
0.462
0.412
0.459
0.529
0.425
0.406
0.473
0.584
0.417
997.883
0.528
0.451
0.441
0.418
0.48
0.597
0.442
0.432
0.423
0.422
0.508
0.886
0.539
0.47
0.566
1000.147
0.756
0.756
0.53
0.655
0.825
0.523
0.458
0.401
0.414
997.125
999.89
0.441
0.752
0.697
0.454
0.415
0.406
0.411
0.405
0.407
0.453
0.421
0.39
0.446
0.419
0.474
0.442
0.599
0.588
0.39
0.404
0.479
0.374
0.405
0.69
0.416
0.558
0.488
0.531
1000.266
0.488
0.57
0.596
0.548
0.476
0.417
0.451
0.404
0.4
0.571
0.45
0.441
0.391
1000.591
0.582
0.549
0.566
0.559
0.392
0.466
0.501
0.349
0.348
0.417
0.548
0.361
997.959
0.732
0.616
0.57
0.678
1000.29
0.614
1.194
1.256
0.353
0.336
0.751
0.455
0.748
0.684
0.558
0.606
0.531
0.349
0.727
0.508
0.792
0.643
0.618
0.773
0.6
0.654
0.602
0.382
0.388
0.831
999.496
0.515
0.766
0.747
0.451
0.459
0.739
0.643
0.703
0.673
0.525
0.375
0.337
0.376
0.809
0.635
0.745
0.627
0.748
0.71
0.475
0.535
0.603
0.452
0.367
998.8
0.614
0.603
0.534
0.583
0.395
0.581
0.481
0.412
997.635
0.673
0.593
0.534
0.507
0.577
1.11
1.225
1.073
0.917
0.768
0.695
0.733
0.723
0.713
0.738
0.761
0.815
999.357
0.815
0.81
0.688
0.678
0.697
0.685
0.684
0.836
0.817
0.827
0.807
0.71
0.752
0.763
0.726
0.73
0.716
0.722
0.715
0.72
0.7
0.742
0.71
0.706
0.728
0.766
0.731
0.688
0.713
0.684
0.701
0.7
0.637
0.474
999.305
0.402
0.406
0.475
0.753
0.783
0.662
0.418
0.651
0.727
0.655
0.634
0.458
0.426
0.441
0.412
0.438
0.429
0.404
0.42
0.428
0.478
0.537
0.706
0.7
0.682
0.728
0.696
0.835
0.678
0.701
0.714
0.74
0.703
0.706
0.72
0.707
0.737
0.78
0.789
0.688
0.701
0.674
0.714
0.718
0.686
0.842
0.6
0.502
0.577
0.531
0.597
0.424
0.443
0.405
0.399
0.409
0.448
0.407
0.431
997.51
0.424
0.46
0.424
0.425
0.421
0.425
0.418
0.419
0.407
0.436
0.473
0.459
0.426
0.42
0.41
0.46
0.439
0.444
0.54
0.427
0.417
0.42
0.403
0.448
0.473
0.548
0.763
0.706
0.736
0.75
0.692
0.664
0.496
0.437
0.409
0.433
0.407
0.417
0.417
0.447
0.437
0.408
0.407
0.417
0.441
0.419
0.446
0.48
0.646
0.474
0.568
0.59
0.473
0.425
0.412
0.53
0.773
0.842
0.777
0.725
0.655
0.68
0.644
0.763
0.741
0.729
1000.358
0.742
0.72
0.758
0.692
0.691
0.615
0.399
0.412
0.426
0.405
0.418
0.404
0.397
0.417
0.413
0.432
0.432
0.452
0.398
0.411
0.395
0.424
0.409
0.408
0.42
0.374
0.422
0.421
0.438
0.42
0.415
0.413
0.425
0.446
0.43
0.452
0.412
0.406
0.408
0.418
0.43
0.514
0.694
0.506
0.438
997.49
0.578
999.294
0.712
0.621
0.604
0.567
0.715
0.887
0.755
0.695
0.719
0.697
0.676
0.71
0.756
0.736
0.718
0.716
0.699
0.695
0.678
0.718
0.71
0.677
0.723
0.708
0.717
999.166
0.71
0.73
999.35
0.679
0.413
0.478
0.548
0.487
0.713
0.703
0.713
0.601
0.401
0.416
0.458
0.517
0.686
0.744
0.707
0.695
0.741
0.688
0.684
0.657
0.684
0.693
0.536
0.705
0.712
0.631
0.702
0.697
0.708
0.754
0.75
0.711
0.75
0.832
0.69
0.71
0.724
0.81
0.721
0.743
0.799
0.732
0.696
0.687
0.656
0.708
0.675
0.72
0.722
0.721
0.681
0.709
0.696
0.685
0.698
0.707
0.719
0.68
0.718
0.682
0.703
0.703
0.692
0.723
0.728
0.732
996.604
0.702
0.691
0.718
0.715
0.712
0.693
0.727
0.685
0.673
0.691
0.729
0.678
0.692
0.691
0.69
0.699
0.0
0.676
0.761
0.421
0.357
0.345
0.396
0.414
0.404
0.45
0.579
0.672
0.701
0.695
0.697
0.703
0.714
0.687
0.729
0.699
0.712
0.629
0.699
0.685
0.705
0.641
0.461
0.396
0.43
0.409
0.411
0.514
0.689
0.712
0.699
0.0
0.598
0.653
0.702
0.674
0.704
1001.271
0.72
0.716
0.675
0.789
0.679
0.695
0.722
0.728
0.734
0.716
0.737
0.0
0.743
0.758
0.721
0.703
0.686
0.681
0.693
0.688
0.69
0.703
0.684
0.722
0.742
0.747
0.725
0.705
0.661
0.47
0.412
0.396
996.919
0.419
0.389
0.399
0.442
0.677
0.721
0.682
0.701
0.708
0.729
0.687
999.62
0.707
0.699
0.68
0.664
0.479
0.42
0.427
0.42
0.403
0.42
0.398
0.408
0.421
2000.483
0.482
0.467
0.512
0.675
0.701
0.707
0.685
0.595
0.422
0.414
0.421
0.414
0.414
0.39
0.409
0.404
0.416
0.415
0.426
0.448
0.439
0.448
0.403
0.41
0.413
0.413
0.407
0.478
0.463
0.429
0.441
0.452
0.754
0.566
0.43
0.569
0.467
0.351
0.405
0.411
0.411
0.0
0.376
0.439
0.83
0.628
0.667
0.73
0.697
0.703
0.703
0.693
0.687
0.694
0.733
0.699
997.528
0.685
0.696
0.692
0.707
0.726
0.705
998.163
0.705
0.733
0.738
0.8
0.699
0.846
0.511
0.736
0.46
0.428
0.848
0.699
0.561
0.674
0.427
0.416
0.397
0.421
0.418
0.413
0.418
0.396
0.448
0.419
0.416
0.415
0.476
0.454
0.473
0.419
0.434
0.434
0.431
0.464
0.407
0.432
0.421
0.441
0.432
0.468
0.466
0.436
0.456
0.435
0.443
0.432
0.43
0.444
0.585
0.779
0.762
0.691
0.682
0.713
0.71
0.726
0.71
0.729
0.685
0.754
0.721
0.766
0.711
0.786
0.839
0.589
0.565
0.454
0.405
0.413
0.438
0.393
0.463
0.443
0.433
0.385
0.404
0.437
0.415
0.419
0.4
0.444
0.437
0.51
0.39
0.405
0.402
0.387
0.406
0.477
0.405
0.401
0.43
0.42
0.433
0.446
0.408
0.419
0.451
0.467
0.417
0.412
0.447
999.707
0.432
0.428
0.395
0.425
997.9
0.785
0.695
0.722
0.74
0.701
0.701
0.714
0.676
0.778
0.655
0.619
0.64
0.611
0.412
0.425
0.39
0.366
0.405
0.41
0.416
0.416
0.438
0.424
0.447
0.43
0.425
0.439
0.416
0.438
0.42
0.417
0.443
0.453
0.867
999.865
0.57
0.62
0.45
0.879
0.565
1000.838
0.723
0.711
0.749
0.524
0.428
0.422
0.404
0.375
0.416
0.406
0.399
0.417
0.397
0.57
0.659
0.539
1002.172
1.577
0.76
0.482
0.378
0.375
0.688
0.367
0.46
0.339
0.66
0.584
0.765
0.587
0.459
0.41
0.531
0.334
1.176
0.551
0.618
0.533
0.458
0.363
0.422
1.102
0.706
0.773
999.768
0.642
0.686
0.723
0.705
0.738
0.775
0.829
0.769
0.627
0.473
0.643
0.605
0.67
0.564
0.673
0.586
0.835
0.594
0.56
0.453
0.615
0.605
0.498
0.473
0.528
0.33
0.359
0.436
0.447
0.449
0.437
0.475
0.424
0.446
0.422
1000.297
0.44
0.735
0.774
0.716
0.722
0.756
0.832
0.702
0.769
0.742
0.71
0.737
0.747
0.658
0.846
0.677
0.724
0.599
0.499
0.403
0.445
0.412
0.393
0.456
0.521
0.798
0.517
0.516
0.426
0.498
0.698
0.694
0.665
0.44
0.52
0.478
0.499
0.41
0.426
0.812
0.534
0.414
0.397
0.402
0.405
0.414
0.417
0.507
0.55
0.567
0.542
0.464
0.696
0.509
0.411
0.4
0.402
0.415
0.423
0.387
0.496
999.588
0.763
0.727
0.521
0.409
0.457
0.627
0.583
0.544
0.671
0.756
0.604
0.43
0.448
0.442
0.433
0.53
0.558
0.529
0.414
0.447
0.423
0.42
0.577
0.427
0.422
0.418
0.407
0.412
0.447
0.805
0.53
0.409
0.415
0.418
0.407
0.399
0.417
0.442
0.599
0.526
0.508
0.426
0.474
0.364
0.398
0.395
0.444
0.562
0.399
0.438
0.476
0.759
0.533
0.47
0.404
0.358
0.399
0.574
0.428
0.417
0.404
0.402
0.414
0.399
0.436
0.41
0.413
0.411
0.414
0.415
0.334
0.352
0.434
0.452
0.442
0.679
0.549
0.638
0.514
0.4
0.405
0.419
0.392
0.433
0.418
0.657
0.465
0.453
0.412
0.416
0.411
0.399
0.419
0.44
0.304
0.349
0.387
0.42
0.539
0.514
0.409
0.408
0.424
0.471
0.446
0.416
0.416
0.398
0.521
0.61
0.54
0.515
0.767
0.596
0.737
0.736
0.566
0.408
0.649
0.512
0.702
0.418
0.405
0.611
0.591
0.675
0.601
0.709
0.653
0.392
0.447
101.306
0.606
0.543
0.516
0.523
0.829
0.721
0.684
0.621
0.55
0.406
0.399
0.415
0.374
0.414
0.403
0.567
0.495
0.686
0.562
0.461
0.449
0.446
0.73
0.654
0.559
0.448
0.71
0.644
0.7
0.536
0.416
0.416
0.415
0.621
0.56
0.644
0.764
0.529
0.605
0.654
0.507
0.775
0.629
0.758
0.793
0.654
0.574
0.658
0.658
0.697
0.673
0.717
0.65
0.455
0.637
0.65
0.503
0.492
0.761
0.629
0.71
0.622
0.401
0.46
0.509
110.32
109.219
0.463
0.714
0.713
0.669
0.718
0.714
0.551
0.479
0.525
0.501
0.619
0.658
0.63
0.385
0.387
0.827
0.716
0.687
0.541
0.685
0.353
0.399
0.386
0.404
0.427
0.405
0.599
0.721
0.691
0.625
0.561
0.401
0.731
0.642
0.509
0.428
0.626
0.708
0.634
0.597
0.478
0.382
0.416
0.653
0.514
0.642
0.578
0.765
0.617
0.607
0.63
0.388
0.623
0.564
0.786
0.671
0.515
0.567
101.097
0.822
0.725
0.574
0.737
0.509
0.409
0.476
0.423
0.415
0.424
0.631
0.512
0.414
0.401
0.413
0.411
0.405
0.398
0.46
0.527
19.97
18.819
17.681
16.64
15.582
14.504
13.435
12.424
11.368
10.279
9.252
8.201
7.163
6.109
5.058
3.993
2.945
1.892
4.39
3.331
2.263
1.143
0.657
0.382
0.373
0.388
0.394
0.391
0.403
0.428
0.402
0.384
0.382
0.406
0.417
0.389
0.354
0.412
0.394
0.392
0.397
0.452
0.453
0.404
0.398
0.397
0.403
0.383
0.415
0.415
0.404
0.429
0.398
0.394
0.396
0.418
0.4
0.388
0.394
0.403
0.405
0.381
0.492
0.402
0.391
0.4
0.425
0.41
103.693
0.584
0.437
0.558
0.799
0.407
0.431
0.451
0.455
0.442
0.475
0.451
0.365
0.551
0.593
0.492
0.454
0.436
0.446
0.449
0.444
0.451
0.439
0.445
0.528
0.566
0.453
0.449
0.454
0.432
0.419
0.454
0.457
0.662
0.407
0.449
0.442
0.445
0.443
0.438
0.678
0.587
0.815
0.551
0.432
0.427
0.458
0.405
112.86
0.524
0.792
0.627
0.731
0.683
0.544
0.456
0.472
0.478
0.414
0.461
0.32
0.449
0.387
0.444
0.385
0.414
0.395
0.441
0.393
0.396
0.395
0.401
0.399
0.401
0.49
0.831
0.479
0.4
0.364
0.418
0.421
0.505
0.524
0.424
0.397
0.381
0.4
109.209
0.42
0.41
0.395
0.392
0.388
0.415
0.4
0.791
0.591
0.717
0.86
0.624
0.488
0.809
0.524
0.44
0.425
0.463
0.445
0.427
0.448
0.445
0.457
0.434
0.495
0.668
0.504
0.76
0.592
0.607
0.445
0.383
0.383
99.267
0.397
0.38
0.397
0.396
0.446
97.045
0.69
98.553
0.647
0.662
0.652
0.685
1.736
0.735
20.996
19.929
18.824
17.728
16.611
15.586
104.413
13.543
12.378
11.447
10.092
99.328
11.955
10.819
9.77
8.674
11.567
10.409
9.387
12.308
11.195
10.122
8.986
11.846
10.793
9.756
8.63
15.508
14.411
13.283
20.326
97.518
18.084
17.011
18.86
17.693
16.568
15.459
14.311
13.138
11.949
10.945
9.892
8.83
7.893
6.666
5.721
4.554
3.398
2.328
1.056
0.445
0.552
96.56
0.836
0.771
0.781
0.528
0.42
0.434
0.443
0.422
0.388
0.442
0.451
0.429
0.438
0.431
0.414
0.431
0.418
0.405
0.429
0.422
0.412
0.609
0.708
0.462
0.426
0.458
0.449
0.436
0.454
0.653
0.45
0.525
0.427
0.406
0.452
0.479
0.466
0.449
0.632
0.484
0.401
0.415
0.425
0.387
0.396
0.415
0.409
0.446
0.678
0.442
0.459
0.42
0.438
0.403
0.421
0.414
0.423
0.426
0.425
0.449
0.446
0.626
0.519
0.419
0.419
0.521
0.467
0.416
0.427
0.436
0.537
0.422
0.414
0.426
0.408
0.411
0.442
0.453
0.422
0.436
0.41
0.426
0.439
0.442
0.441
0.417
0.447
0.458
0.436
0.412
0.547
0.501
0.456
0.498
0.413
0.364
0.351
96.797
0.391
0.356
0.451
100.476
0.408
0.423
0.422
0.418
0.416
0.426
0.455
0.409
0.444
0.433
0.402
0.416
0.438
0.414
0.427
0.416
0.444
0.416
0.418
0.469
0.416
0.424
0.401
0.44
0.412
0.425
0.391
0.446
0.422
0.423
0.416
0.422
0.406
0.426
0.487
0.773
0.536
0.446
0.411
0.422
0.428
0.385
0.421
0.415
0.403
0.409
0.399
0.423
0.402
0.464
0.425
0.421
0.406
0.42
0.403
0.429
0.414
0.491
0.494
0.431
0.46
0.406
0.416
0.438
0.489
0.429
0.474
0.494
0.405
0.411
0.457
0.442
0.428
0.409
0.423
99.592
0.443
0.522
0.65
0.466
0.411
0.425
0.421
0.42
0.451
0.484
0.454
0.436
0.463
0.607
0.443
0.419
0.415
0.421
0.412
0.45
0.412
0.43
0.438
0.427
0.459
0.547
0.661
0.46
0.411
0.419
0.429
0.449
0.791
0.678
0.527
0.422
0.413
97.716
0.46
0.426
0.408
0.447
0.441
0.424
0.431
0.667
0.531
0.693
0.51
96.62
0.398
0.465
0.373
0.43
0.4
0.392
0.331
0.384
0.428
0.495
0.413
0.418
0.414
0.432
0.429
0.424
0.418
0.436
0.424
98.731
0.454
0.413
0.421
98.5
0.389
0.436
0.409
0.405
0.408
0.428
0.311
0.417
1.642
0.68
0.355
0.324
0.321
0.356
0.43
0.445
0.327
0.41
0.433
0.428
99.303
0.405
0.433
0.418
0.43
0.399
0.408
0.427
0.397
0.417
0.384
0.506
0.808
0.464
0.498
0.78
0.854
0.423
0.396
0.836
1.893
0.839
0.389
0.406
0.384
2.159
1.145
0.61
0.614
0.484
0.448
0.404
0.422
0.393
0.425
0.477
0.425
0.42
0.424
0.375
0.372
0.42
0.429
0.533
0.386
0.408
0.424
0.429
0.433
0.471
0.469
0.414
0.467
0.435
0.421
0.447
0.433
0.417
0.424
0.441
0.417
0.419
0.392
0.441
0.775
0.675
0.62
0.537
0.588
0.431
0.423
0.433
0.449
0.528
0.899
0.524
0.422
0.421
0.41
0.422
0.426
0.415
0.415
0.42
0.421
0.457
0.478
0.501
0.428
0.428
0.423
0.725
0.61
0.637
0.471
98.565
0.42
0.417
0.407
0.437
0.426
0.424
0.428
0.47
0.439
0.45
0.445
0.453
0.421
0.434
0.433
0.447
0.456
0.418
0.427
0.431
0.425
0.458
0.44
0.422
0.426
0.441
0.583
0.472
0.457
0.429
0.447
0.423
98.739
0.431
0.447
0.581
0.811
0.55
0.477
0.405
0.43
0.391
0.423
0.48
0.491
0.77
0.626
0.749
0.808
0.606
0.615
0.45
0.428
0.417
0.423
0.427
0.416
0.413
0.431
0.418
0.427
0.487
0.429
0.428
0.429
0.409
0.424
0.468
0.774
0.638
0.642
0.529
0.435
0.405
0.421
0.421
0.43
0.446
0.499
0.842
0.529
0.437
0.421
0.426
0.417
0.427
0.431
0.533
0.427
0.722
0.447
0.487
0.483
0.444
0.424
0.431
0.432
0.419
0.428
0.436
0.42
0.451
0.426
0.424
99.082
0.423
0.438
99.85
0.5
0.431
0.41
0.441
0.463
0.443
0.421
0.442
0.443
0.446
0.432
0.41
0.5
0.788
0.486
0.431
0.437
0.336
1.021
0.353
0.319
0.36
98.478
0.429
0.424
0.415
0.49
0.431
0.425
0.389
0.412
0.455
0.428
0.445
0.428
0.431
0.441
0.42
0.407
0.447
0.442
0.442
0.463
0.421
0.426
0.438
0.412
0.429
0.398
0.433
0.408
0.413
0.399
0.369
0.403
0.401
0.414
0.408
0.405
0.422
0.43
0.397
0.384
0.404
0.404
0.395
0.394
0.394
0.405
0.411
0.39
0.591
0.419
0.416
0.436
0.399
0.399
0.395
0.406
0.413
0.431
0.419
0.44
99.341
0.62
0.667
0.606
0.636
0.83
0.747
0.817
0.447
0.413
0.405
0.439
0.542
0.464
0.415
0.438
0.438
0.44
0.447
0.432
0.428
0.422
0.428
0.427
0.422
0.416
0.488
0.401
0.513
0.705
0.481
0.404
0.394
0.384
0.384
0.421
0.426
0.407
0.396
0.426
0.428
0.413
0.424
100.258
0.433
0.425
0.429
0.414
0.417
0.455
0.647
0.518
0.425
0.428
0.427
0.428
0.434
0.418
0.426
0.429
0.429
0.422
0.427
0.357
0.423
100.072
0.451
0.438
0.393
0.42
0.426
0.431
0.425
0.433
0.428
0.455
0.418
0.413
0.434
0.42
0.434
0.431
0.445
0.471
0.471
0.43
0.428
0.419
0.455
0.43
0.554
