20.63073
21.16372
42.99427
21.48976
22.04553
22.57752
22.78031
20.675
23.0685
23.27397
23.18032
21.9453
25.60057
25.22069
22.33344
21.82137
21.5143
20.73401
22.56836
21.38064
20.96959
19.80459
20.64078
17.97869
21.57562
21.64571
21.3481
21.66828
21.19782
20.08634
20.54818
20.94718
19.60485
22.67762
21.70663
20.69383
20.70162
21.35597
20.5059
21.77389
21.9791
21.64085
18.91472
21.7167
21.15789
20.41342
20.67902
17.34412
20.88707
20.92781
19.55751
19.51659
21.70793
21.28299
21.3196
20.66491
20.62232
21.25906
21.33564
20.50965
22.02825
20.9687
22.20614
21.08025
21.14699
21.12477
21.05007
20.79606
21.95986
21.43623
20.85
22.58175
20.45675
21.59874
20.78221
21.39031
21.30672
20.63819
21.20768
19.98838
22.02847
22.46671
21.61964
22.05297
21.08524
21.20326
21.27073
21.64147
21.08303
21.07072
20.94884
21.3981
22.1694
22.55829
19.92113
20.4103
21.68329
21.09281
23.31329
21.09648
21.17187
24.85615
23.10698
20.62266
21.2192
21.36337
40.93814
21.92335
30.3377
101.13519
35.20695
23.28369
22.86481
23.42298
21.94023
22.74919
22.46481
20.71191
22.06931
22.53292
22.15118
22.56474
22.40023
21.08756
21.3631
20.87337
20.35029
16.97911
21.89394
21.83388
21.04822
20.53789
20.47598
20.90077
21.38084
21.84698
18.62521
20.33143
14.81382
23.88743
22.78679
21.89651
20.91143
19.82114
19.77946
19.76293
19.2349
21.01759
20.92156
21.18602
21.25813
21.75448
20.94654
21.05045
21.91044
21.75301
21.5785
21.77067
22.57167
0.0
21.79047
20.86568
22.32986
22.26844
19.13966
23.54715
22.04851
22.13736
20.6276
20.66495
20.71137
20.06592
22.08456
21.44248
12.12589
11.85409
11.31289
11.57151
11.68102
11.37055
11.29834
11.03935
12.31043
17.28751
19.95057
21.4424
20.69508
20.64596
22.42058
21.01993
20.80304
21.27432
22.70938
21.89897
21.7209
20.77843
21.60541
21.82246
20.4228
20.43372
20.52499
20.48828
22.2027
20.3684
20.48575
23.40786
34.38321
20.74815
21.82486
20.94061
20.96786
21.48007
31.14575
22.52163
20.95915
21.72172
20.88179
20.47107
21.20348
21.75391
21.29977
20.21604
20.04889
21.19227
21.27636
20.4115
21.32958
20.76994
21.25289
20.89033
19.87083
22.49406
21.7089
20.49445
21.31214
21.36693
20.53555
20.40001
21.26524
20.55273
21.54929
21.24197
20.80489
21.5982
20.27927
20.16121
20.10487
19.82636
21.47039
18.53613
21.06983
21.46119
20.6839
19.90243
20.82979
21.48821
21.11597
21.2307
20.75426
18.36057
21.34462
22.13965
20.91075
21.56573
21.31762
21.03868
20.20331
19.88189
18.65117
20.17315
21.83839
20.46714
22.04271
21.31667
21.3323
21.64389
21.10432
21.07315
19.65663
20.8816
20.31606
20.74529
21.53382
20.83545
21.2579
20.28068
20.97017
19.89289
20.72045
20.14992
22.48311
21.11129
20.79741
21.42287
21.19047
20.97576
47.06161
44.24572
21.24174
21.83504
21.70575
15.87536
13.02788
24.53943
17.19544
23.58203
21.73509
20.16126
21.03449
21.38529
20.85365
21.40731
22.27966
20.59223
21.38168
21.20905
20.74226
19.85462
21.53376
20.80921
20.20567
21.44643
20.81174
21.5892
21.041
20.9262
21.04944
20.6142
20.5105
20.18566
20.56816
21.37045
20.10608
20.16478
20.18166
20.66536
19.8873
20.9817
22.9412
20.76846
21.66305
20.85737
21.12882
21.16823
20.79392
21.46226
21.81967
21.34165
20.32302
21.03503
20.68765
21.10466
21.85787
20.7807
21.34392
22.65571
19.9947
18.92466
21.58211
20.89642
20.53234
19.07654
21.98049
20.96402
19.84249
18.83877
20.85423
21.82568
21.08687
21.41877
21.26381
22.12905
20.83809
18.14326
21.56984
20.41233
20.47345
21.60865
21.55732
21.2797
21.38029
21.71914
21.47829
21.2259
20.63848
28.61318
25.80267
20.67468
21.02596
23.19838
48.04356
21.53257
40.14174
62.58263
26.05742
23.33723
21.86219
22.18137
21.24129
21.39186
22.93836
21.54653
21.73605
21.89257
23.654
21.27933
21.9838
21.82935
20.53303
20.4669
20.77317
20.44389
21.64176
21.18909
22.72785
21.3837
20.35834
21.86089
21.97005
22.09846
20.95574
20.63556
17.63067
20.78715
21.01445
20.63012
21.82777
21.52662
20.77531
20.88887
19.45138
19.7111
19.13554
21.29327
20.85095
20.90549
20.79508
20.38987
20.42427
19.6877
21.12248
20.72615
23.7676
20.46865
20.67269
22.08551
22.32986
20.89864
20.58403
20.948
17.27183
25.08528
21.53421
20.75004
20.898
21.08239
21.80965
20.8073
20.9351
19.66152
20.88887
20.57135
18.33227
21.04472
21.03799
20.33939
21.20419
21.00273
21.19462
21.26973
20.79026
21.06457
21.36016
21.65921
22.06015
22.22653
21.43524
20.92693
20.71895
20.47648
19.98601
19.47173
21.76597
21.37682
19.86487
21.58546
20.94821
13.20101
8.33538
22.75465
27.01363
23.22043
22.38603
22.49078
22.39557
22.07341
21.30535
21.18955
21.58974
23.30551
22.85952
21.92628
22.18194
21.28614
22.29271
21.50625
21.09649
17.94173
17.11757
21.94364
21.7172
20.48274
21.13739
20.73903
21.4605
21.60353
22.16324
16.22585
21.05689
20.50651
20.62795
22.12882
20.34865
21.68897
21.02562
21.47097
21.65179
19.29465
21.03761
21.31012
8.45143
6.26749
36.8418
20.74902
22.48602
21.63435
21.43076
18.8294
16.35434
20.60567
18.96251
20.19778
22.2531
21.84219
20.02511
22.36195
13.31687
10.21697
21.40841
10.55315
11.05002
30.69681
21.87494
22.15984
21.51005
21.83736
18.95218
18.32505
20.59136
22.3284
21.3319
20.66184
19.82068
21.12814
22.32318
22.1682
17.31187
21.15748
21.31478
21.57713
21.38511
20.94804
21.68982
21.50665
21.27122
20.97903
21.24067
20.66493
20.8999
22.51968
21.04899
22.98314
21.66735
22.4199
21.38694
19.99016
21.57439
22.1933
21.34935
21.25621
21.63023
21.54873
14.27988
