2.063073
2.116372
4.299427
2.148976
2.204553
2.257752
2.278031
2.0675
2.30685
2.327397
2.318032
2.19453
2.560057
2.522069
2.233344
2.182137
2.15143
2.073401
2.256836
2.138064
2.096959
1.980459
2.064078
1.797869
2.157562
2.164571
2.13481
2.166828
2.119782
2.008634
2.054818
2.094718
1.960485
2.267762
2.170663
2.069383
2.070162
2.135597
2.05059
2.177389
2.19791
2.164085
1.891472
2.17167
2.115789
2.041342
2.067902
1.734412
2.088707
2.092781
1.955751
1.951659
2.170793
2.128299
2.13196
2.066491
2.062232
2.125906
2.133564
2.050965
2.202825
2.09687
2.220614
2.108025
2.114699
2.112477
2.105007
2.079606
2.195986
2.143623
2.085
2.258175
2.045675
2.159874
2.078221
2.139031
2.130672
2.063819
2.120768
1.998838
2.202847
2.246671
2.161964
2.205297
2.108524
2.120326
2.127073
2.164147
2.108303
2.107072
2.094884
2.13981
2.21694
2.255829
1.992113
2.04103
2.168329
2.109281
2.331329
2.109648
2.117187
2.485615
2.310698
2.062266
2.12192
2.136337
4.093814
2.192335
3.03377
10.113519
3.520695
2.328369
2.286481
2.342298
2.194023
2.274919
2.246481
2.071191
2.206931
2.253292
2.215118
2.256474
2.240023
2.108756
2.13631
2.087337
2.035029
1.697911
2.189394
2.183388
2.104822
2.053789
2.047598
2.090077
2.138084
2.184698
1.862521
2.033143
1.481382
2.388743
2.278679
2.189651
2.091143
1.982114
1.977946
1.976293
1.92349
2.101759
2.092156
2.118602
2.125813
2.175448
2.094654
2.105045
2.191044
2.175301
2.15785
2.177067
2.257167
0.0
2.179047
2.086568
2.232986
2.226844
1.913966
2.354715
2.204851
2.213736
2.06276
2.066495
2.071137
2.006592
2.208456
2.144248
1.212589
1.185409
1.131289
1.157151
1.168102
1.137055
1.129834
1.103935
1.231043
1.728751
1.995057
2.14424
2.069508
2.064596
2.242058
2.101993
2.080304
2.127432
2.270938
2.189897
2.17209
2.077843
2.160541
2.182246
2.04228
2.043372
2.052499
2.048828
2.22027
2.03684
2.048575
2.340786
3.438321
2.074815
2.182486
2.094061
2.096786
2.148007
3.114575
2.252163
2.095915
2.172172
2.088179
2.047107
2.120348
2.175391
2.129977
2.021604
2.004889
2.119227
2.127636
2.04115
2.132958
2.076994
2.125289
2.089033
1.987083
2.249406
2.17089
2.049445
2.131214
2.136693
2.053555
2.040001
2.126524
2.055273
2.154929
2.124197
2.080489
2.15982
2.027927
2.016121
2.010487
1.982636
2.147039
1.853613
2.106983
2.146119
2.06839
1.990243
2.082979
2.148821
2.111597
2.12307
2.075426
1.836057
2.134462
2.213965
2.091075
2.156573
2.131762
2.103868
2.020331
1.988189
1.865117
2.017315
2.183839
2.046714
2.204271
2.131667
2.13323
2.164389
2.110432
2.107315
1.965663
2.08816
2.031606
2.074529
2.153382
2.083545
2.12579
2.028068
2.097017
1.989289
2.072045
2.014992
2.248311
2.111129
2.079741
2.142287
2.119047
2.097576
4.706161
4.424572
2.124174
2.183504
2.170575
1.587536
1.302788
2.453943
1.719544
2.358203
2.173509
2.016126
2.103449
2.138529
2.085365
2.140731
2.227966
2.059223
2.138168
2.120905
2.074226
1.985462
2.153376
2.080921
2.020567
2.144643
2.081174
2.15892
2.1041
2.09262
2.104944
2.06142
2.05105
2.018566
2.056816
2.137045
2.010608
2.016478
2.018166
2.066536
1.98873
2.09817
2.29412
2.076846
2.166305
2.085737
2.112882
2.116823
2.079392
2.146226
2.181967
2.134165
2.032302
2.103503
2.068765
2.110466
2.185787
2.07807
2.134392
2.265571
1.99947
1.892466
2.158211
2.089642
2.053234
1.907654
2.198049
2.096402
1.984249
1.883877
2.085423
2.182568
2.108687
2.141877
2.126381
2.212905
2.083809
1.814326
2.156984
2.041233
2.047345
2.160865
2.155732
2.12797
2.138029
2.171914
2.147829
2.12259
2.063848
2.861318
2.580267
2.067468
2.102596
2.319838
4.804356
2.153257
4.014174
6.258263
2.605742
2.333723
2.186219
2.218137
2.124129
2.139186
2.293836
2.154653
2.173605
2.189257
2.3654
2.127933
2.19838
2.182935
2.053303
2.04669
2.077317
2.044389
2.164176
2.118909
2.272785
2.13837
2.035834
2.186089
2.197005
2.209846
2.095574
2.063556
1.763067
2.078715
2.101445
2.063012
2.182777
2.152662
2.077531
2.088887
1.945138
1.97111
1.913554
2.129327
2.085095
2.090549
2.079508
2.038987
2.042427
1.96877
2.112248
2.072615
2.37676
2.046865
2.067269
2.208551
2.232986
2.089864
2.058403
2.0948
1.727183
2.508528
2.153421
2.075004
2.0898
2.108239
2.180965
2.08073
2.09351
1.966152
2.088887
2.057135
1.833227
2.104472
2.103799
2.033939
2.120419
2.100273
2.119462
2.126973
2.079026
2.106457
2.136016
2.165921
2.206015
2.222653
2.143524
2.092693
2.071895
2.047648
1.998601
1.947173
2.176597
2.137682
1.986487
2.158546
2.094821
1.320101
0.833538
2.275465
2.701363
2.322043
2.238603
2.249078
2.239557
2.207341
2.130535
2.118955
2.158974
2.330551
2.285952
2.192628
2.218194
2.128614
2.229271
2.150625
2.109649
1.794173
1.711757
2.194364
2.17172
2.048274
2.113739
2.073903
2.14605
2.160353
2.216324
1.622585
2.105689
2.050651
2.062795
2.212882
2.034865
2.168897
2.102562
2.147097
2.165179
1.929465
2.103761
2.131012
0.845143
0.626749
3.68418
2.074902
2.248602
2.163435
2.143076
1.88294
1.635434
2.060567
1.896251
2.019778
2.22531
2.184219
2.002511
2.236195
1.331687
1.021697
2.140841
1.055315
1.105002
3.069681
2.187494
2.215984
2.151005
2.183736
1.895218
1.832505
2.059136
2.23284
2.13319
2.066184
1.982068
2.112814
2.232318
2.21682
1.731187
2.115748
2.131478
2.157713
2.138511
2.094804
2.168982
2.150665
2.127122
2.097903
2.124067
2.066493
2.08999
2.251968
2.104899
2.298314
2.166735
2.24199
2.138694
1.999016
2.157439
2.21933
2.134935
2.125621
2.163023
2.154873
1.427988
