0.706
0.742
0.776
0.728
0.681
0.721
0.745
0.537
0.44
0.41
0.633
0.713
0.683
0.697
0.546
0.481
0.421
0.708
0.665
0.712
0.687
0.417
0.532
0.404
0.559
0.691
0.7
0.713
0.557
0.397
0.419
0.463
0.737
0.727
0.735
0.775
0.609
0.692
0.688
0.563
0.689
0.79
0.808
0.798
0.757
0.801
0.728
0.735
0.708
0.726
0.682
0.692
0.706
0.713
999.598
0.834
0.701
0.805
0.88
0.834
0.708
0.686
999.028
0.699
0.74
0.645
0.698
0.707
0.603
0.398
0.434
0.445
999.932
0.6
0.681
0.639
0.606
0.681
0.695
0.605
0.696
0.723
0.676
0.529
0.46
0.416
0.666
0.747
0.709
0.688
0.681
0.686
0.679
0.733
0.686
0.693
0.719
0.702
0.708
0.702
0.709
0.687
0.714
0.698
0.768
0.757
0.768
0.748
0.897
0.842
0.902
0.726
0.439
0.456
0.455
0.413
0.492
0.455
0.43
0.402
0.422
0.402
0.455
0.424
0.411
0.43
0.441
0.424
0.561
0.697
0.736
0.7
0.724
0.786
0.72
0.782
0.659
0.556
0.796
0.849
0.74
0.643
0.663
0.743
2.353
1.122
0.477
0.63
0.839
0.828
0.672
0.472
0.518
0.525
0.405
0.42
0.682
0.877
0.684
0.825
0.902
997.572
5.416
0.0
7.549
0.0
6.446
10.859
9.777
6.95
2.055
1.005
0.369
0.378
0.335
0.31
0.395
0.309
0.39
0.416
0.469
0.482
0.422
0.485
0.6
0.541
0.511
0.777
0.712
0.66
0.522
3.394
3.775
4.247
7.762
0.0
7.638
0.0
6.9
1002.751
0.0
0.0
6.957
1001.732
0.607
0.356
0.389
0.289
0.33
0.391
0.494
0.629
0.381
0.4
0.572
0.48
999.955
0.401
0.401
0.386
0.421
0.403
0.42
0.573
0.438
0.565
0.461
0.82
0.565
0.657
0.662
0.709
0.673
0.438
0.74
0.685
0.766
0.694
0.7
0.806
0.788
0.629
0.381
0.376
0.426
0.391
0.41
0.499
0.399
0.399
0.397
0.396
0.398
0.41
0.446
0.427
0.5
0.434
0.405
0.63
0.8
0.684
0.601
0.646
0.8
0.687
0.652
0.747
0.684
0.669
0.687
0.668
0.494
0.473
0.471
0.47
0.39
0.465
0.576
0.582
0.587
1.045
0.813
0.778
0.807
0.688
0.83
0.825
0.686
0.725
0.772
0.661
999.196
0.653
0.598
0.377
0.345
0.663
0.83
0.62
0.442
0.375
0.367
0.374
0.358
0.443
999.901
0.644
0.837
0.676
0.374
0.363
0.372
0.633
0.798
0.919
0.823
0.515
0.346
0.406
0.458
0.419
0.352
0.35
0.457
0.578
0.471
0.0
0.502
0.569
0.359
0.389
0.387
1.079
0.817
999.748
0.751
0.879
0.859
0.709
0.724
0.684
0.849
0.845
0.832
0.78
0.673
0.485
0.427
0.63
0.695
0.881
0.723
0.804
0.526
0.35
0.394
0.363
0.355
24.018
23.033
21.991
20.907
19.73
18.635
17.609
16.504
15.558
14.292
13.279
12.129
11.036
9.927
8.856
7.969
999.59
5.665
4.517
3.765
2.625
1.659
0.559
19.041
17.969
16.902
15.843
14.696
13.642
12.479
13.471
12.301
11.256
10.842
9.807
8.668
7.653
6.48
5.372
4.349
3.249
2.261
1.161
17.142
24.111
22.995
21.872
20.83
19.768
18.687
17.599
16.471
20.377
19.249
18.164
17.081
15.956
14.888
13.796
997.288
12.276
11.21
10.102
8.993
7.922
6.814
5.87
4.705
3.649
2.523
1.368
0.747
1.73
0.762
0.685
0.558
0.786
0.483
0.875
0.719
0.931
1.405
0.556
0.822
0.67
0.698
0.838
0.667
0.714
0.854
0.922
0.571
0.594
0.489
3.373
2.288
8.987
9.113
8.027
6.918
5.918
4.826
3.656
2.527
1.493
0.447
0.235
2.507
1.528
0.604
996.823
0.41
0.35
0.431
0.387
0.397
0.347
0.431
0.466
0.35
0.353
0.367
0.342
0.428
2.559
1.45
0.579
0.636
0.451
0.689
0.811
0.535
0.398
0.37
0.491
997.295
0.729
0.671
0.72
0.789
0.876
0.931
0.642
997.067
0.849
998.271
0.426
0.386
0.53
0.68
0.718
0.833
0.754
0.518
0.376
0.379
0.38
0.382
0.715
0.848
0.659
0.827
0.567
0.525
0.755
0.539
998.976
0.812
0.624
0.489
0.386
0.352
0.386
0.766
0.761
0.708
0.823
0.596
0.613
0.82
0.564
0.557
0.743
0.572
0.809
0.872
0.76
0.696
0.667
997.751
0.636
0.537
0.55
997.723
0.413
0.552
0.519
0.385
0.372
0.413
0.426
1000.343
0.382
1.537
0.586
0.762
0.726
0.62
0.492
0.691
0.62
0.71
0.922
0.727
0.609
0.583
0.713
0.698
0.745
0.733
0.862
0.899
0.662
0.704
0.697
0.51
0.374
0.396
0.555
0.375
0.456
0.631
0.673
0.685
0.674
0.725
0.711
0.693
0.662
0.696
0.714
0.88
0.9
0.825
0.828
999.571
0.845
0.827
0.835
0.711
1.351
0.721
0.775
0.796
0.766
0.843
0.873
0.704
0.738
0.836
0.851
0.812
0.75
0.846
0.883
0.828
0.719
0.868
0.679
0.686
0.737
998.437
0.705
0.712
0.713
0.681
0.666
0.669
0.477
0.46
0.441
0.547
0.53
0.612
0.647
0.594
0.462
0.587
0.465
0.424
0.389
0.424
0.499
0.734
0.67
0.717
0.696
0.675
0.681
0.674
0.719
0.708
0.706
0.681
0.7
0.515
0.682
0.713
0.73
0.682
999.452
0.757
0.862
0.712
0.665
0.694
0.57
0.817
0.757
0.687
0.747
0.71
0.721
0.676
0.861
0.69
0.763
1000.528
0.803
0.755
0.751
0.734
0.717
0.747
0.85
0.885
0.863
0.893
0.899
0.865
0.908
0.858
0.725
0.832
0.699
0.797
0.809
0.805
0.83
0.836
0.597
0.524
0.568
0.616
997.855
0.833
0.833
0.844
0.783
0.841
0.841
0.838
0.728
0.831
0.869
0.671
0.817
0.71
0.823
0.637
0.477
0.496
0.391
0.414
999.494
0.377
0.379
0.401
0.384
997.74
0.375
0.435
0.381
0.387
0.421
0.742
0.708
0.695
0.68
0.678
0.704
0.672
0.507
0.379
0.388
0.389
0.382
0.394
0.401
0.576
0.431
0.389
0.414
0.376
0.382
0.379
0.37
0.39
0.441
0.403
0.388
0.383
0.384
0.414
0.696
0.669
0.765
998.221
0.636
0.499
0.599
0.438
0.511
0.672
0.722
0.729
0.819
0.844
0.752
0.707
0.677
0.693
0.669
0.699
0.678
0.685
0.659
0.619
998.979
0.792
0.763
0.698
0.664
0.739
0.831
0.693
0.853
0.726
0.691
0.617
0.462
0.57
0.386
0.412
0.388
0.519
0.408
0.376
0.393
0.822
0.821
0.704
0.704
0.705
0.675
0.683
0.823
0.86
0.717
0.652
0.82
0.711
0.752
0.744
0.851
0.848
0.674
0.693
0.676
997.698
0.558
0.874
0.728
0.564
0.692
0.664
0.687
0.693
0.708
0.567
0.385
0.489
0.724
0.692
0.695
0.631
0.569
0.346
0.384
0.377
0.389
0.49
0.683
0.669
0.666
0.681
0.651
0.483
0.629
996.543
0.884
0.861
0.677
1000.169
0.758
0.707
0.656
0.625
0.723
0.696
0.829
0.641
0.675
0.671
0.628
0.504
0.541
0.75
999.591
0.701
0.677
0.811
0.585
0.387
0.418
0.52
0.526
0.366
0.38
0.356
0.381
0.378
0.614
0.677
0.69
0.634
999.465
0.671
0.619
0.653
0.558
0.695
0.369
0.552
0.929
0.456
0.407
0.612
0.58
0.654
0.678
0.646
0.628
0.622
999.278
0.392
0.384
0.399
0.586
0.695
0.56
0.522
0.367
0.373
0.409
0.383
0.616
0.608
0.504
0.576
0.648
0.577
0.701
0.53
0.687
0.603
0.643
0.64
0.575
0.68
0.524
0.651
0.546
0.599
0.591
0.697
0.676
0.666
0.554
0.0
0.497
0.606
0.475
0.618
0.606
0.581
0.758
0.684
0.684
0.686
0.581
0.873
0.69
0.634
0.492
0.617
0.46
0.7
0.619
0.667
0.678
0.49
0.634
0.672
0.643
0.496
0.579
0.676
0.596
0.528
0.608
0.696
0.0
0.635
0.592
0.584
0.706
0.637
0.645
0.685
0.684
0.693
0.707
0.691
0.637
0.669
0.668
0.63
0.548
0.598
0.657
0.561
0.33
0.644
0.671
0.61
0.571
0.67
0.691
0.645
0.536
0.441
997.69
0.443
0.544
0.614
0.671
0.567
0.506
0.385
0.371
0.484
0.43
0.694
0.467
0.643
0.573
0.61
0.6
0.55
0.612
0.707
0.65
0.607
0.687
0.547
0.69
0.509
0.647
0.575
0.554
0.56
0.722
0.723
0.701
0.617
0.599
0.55
0.57
0.457
0.615
0.628
0.521
0.578
0.71
0.649
0.718
0.628
0.723
0.63
0.636
1000.29
0.421
0.588
996.741
0.607
0.646
0.592
0.608
0.418
0.621
0.634
0.657
0.642
0.67
1000.544
0.444
0.66
0.64
0.717
0.707
0.672
0.419
0.627
0.694
0.77
0.646
0.605
0.692
996.99
0.707
0.694
0.711
0.679
1.453
0.617
0.666
0.701
1.025
0.505
2.205
1.065
4.399
3.279
2.171
999.012
0.657
1.673
0.738
2.78
1.718
0.57
1.528
0.675
0.692
0.758
0.735
0.675
0.398
0.398
0.407
0.42
0.409
0.453
0.424
996.573
0.704
0.454
0.441
0.555
0.606
0.635
0.737
0.648
0.467
0.449
0.492
0.464
0.419
0.0
0.451
0.441
997.992
0.447
0.653
0.674
0.719
0.677
0.714
0.693
0.681
0.979
0.358
0.337
0.401
0.704
0.414
0.321
0.445
0.327
0.379
997.255
0.559
0.649
0.691
0.721
0.706
0.714
0.706
0.718
0.692
0.686
0.72
0.692
0.63
0.446
0.389
0.44
0.428
0.461
1.395
1.082
0.318
0.394
1004.071
1003.82
1001.213
1001.577
1.358
4.172
3.249
1.901
1.036
0.372
0.385
0.38
0.518
0.553
999.985
0.615
0.426
0.502
0.536
0.422
0.424
0.538
0.655
0.453
0.401
0.417
0.401
0.414
0.492
0.632
0.532
0.369
0.433
999.008
0.674
0.701
0.686
0.674
0.688
0.692
0.734
0.719
0.735
0.748
0.712
0.715
0.787
0.68
0.707
0.75
0.761
0.762
0.74
0.771
0.727
0.571
0.628
0.763
0.762
998.274
0.723
0.651
0.471
0.379
0.399
0.374
0.387
0.395
0.359
0.352
0.373
0.403
0.609
0.33
1.395
0.913
0.547
0.596
0.393
0.4
0.815
1.845
0.788
1.223
0.722
1.06
0.531
0.909
0.4
1.462
0.539
999.243
0.914
0.404
1.15
0.453
998.068
0.72
0.401
0.363
0.431
0.365
0.443
0.431
0.368
0.395
0.417
0.547
0.533
0.413
0.401
0.39
0.508
0.633
0.438
0.44
0.407
0.454
0.359
0.535
0.394
998.354
0.601
0.443
0.417
0.384
0.37
0.407
0.444
0.683
0.686
0.639
0.652
0.474
0.078
0.607
0.406
996.85
0.38
0.405
0.431
0.502
0.422
0.413
0.436
0.396
0.479
0.421
0.417
0.398
0.414
0.416
0.431
0.402
0.412
1.026
0.556
0.524
0.454
0.396
0.399
0.376
0.394
0.485
0.743
0.623
0.443
0.453
0.522
0.443
0.493
0.431
0.435
0.471
0.422
0.415
0.464
0.576
1000.191
0.423
0.4
0.403
0.395
0.415
0.419
0.423
999.411
0.446
0.622
0.527
0.487
0.406
0.419
0.423
0.423
0.456
0.455
0.412
0.509
0.442
0.463
0.421
0.421
0.416
0.424
0.419
0.437
0.422
0.446
0.418
0.421
0.443
0.647
997.854
0.694
0.716
0.66
0.707
0.526
0.423
0.567
0.701
0.671
0.692
0.695
0.7
0.718
0.676
0.749
0.713
0.71
0.549
0.468
0.42
0.412
0.423
0.672
0.848
0.872
0.908
0.906
0.777
0.859
0.652
0.686
0.757
997.799
0.735
0.761
0.718
0.697
0.703
0.726
0.711
0.733
0.707
0.734
996.866
0.683
0.676
0.76
0.711
0.691
0.708
0.699
0.731
0.742
0.711
0.688
0.781
0.756
0.697
0.756
0.627
0.38
0.379
0.377
0.378
0.493
0.792
0.741
0.709
0.711
0.729
998.215
0.78
0.712
0.73
0.739
0.692
0.704
0.694
0.57
0.428
0.44
0.414
0.473
0.671
0.452
0.414
0.423
0.464
0.572
997.083
0.675
0.68
0.688
0.729
0.67
0.747
0.715
0.737
0.693
0.675
0.732
0.689
0.727
0.72
0.743
0.762
0.73
0.684
0.666
0.696
0.652
0.429
0.403
0.403
0.417
0.469
0.625
0.67
0.709
0.679
0.635
0.419
0.382
0.469
0.459
0.729
0.707
0.703
0.666
0.679
0.675
0.619
0.429
0.425
0.436
997.69
0.516
0.708
998.456
0.668
0.574
0.747
0.703
0.587
0.384
0.386
0.361
0.369
0.42
0.386
0.386
0.438
0.441
0.456
0.474
0.406
0.392
0.376
0.468
998.957
0.417
0.415
0.387
0.34
0.376
0.378
0.382
0.382
0.418
0.404
0.429
0.363
0.42
0.389
0.409
0.42
0.379
0.429
0.452
0.419
0.407
0.413
0.384
0.424
0.422
0.42
0.436
0.427
0.427
0.455
0.472
0.473
998.36
0.582
0.45
0.434
0.427
0.433
0.425
0.428
0.417
0.521
0.634
0.883
0.7
0.794
0.747
0.752
0.686
0.669
0.732
0.704
0.709
0.737
0.725
0.734
0.718
0.688
0.686
0.694
0.682
0.734
0.67
0.694
0.732
0.641
1999.681
0.0
0.683
0.687
0.692
0.702
0.68
0.691
0.676
0.721
0.0
0.733
0.692
0.687
0.72
0.701
0.73
0.698
0.741
0.677
0.692
0.697
0.693
0.75
0.714
0.719
0.648
0.706
0.719
0.675
0.692
0.7
0.706
0.682
0.687
0.695
0.696
0.68
0.0
0.693
0.683
0.687
0.742
0.739
0.729
0.72
0.679
0.725
0.686
0.682
0.696
0.711
0.721
0.705
0.699
0.714
0.638
0.559
0.576
0.728
0.777
0.731
1002.52
0.709
0.723
0.746
0.681
0.505
0.417
0.4
0.397
0.425
0.404
0.419
0.419
0.613
0.735
0.688
0.698
0.677
0.723
0.713
0.711
0.721
0.676
0.656
0.681
0.738
0.68
0.702
0.741
0.758
0.704
0.722
0.753
0.716
0.69
0.647
0.686
0.675
0.765
0.55
0.681
0.706
0.713
0.728
0.696
0.693
0.697
0.692
0.678
0.673
0.722
0.677
0.731
0.697
0.771
0.685
0.663
0.71
0.71
0.719
0.709
0.747
0.686
0.707
0.697
0.691
0.696
0.682
1000.106
0.673
0.693
0.696
0.736
0.676
0.714
0.679
0.594
0.454
0.502
0.7
0.694
0.685
0.68
0.703
0.682
0.705
0.678
0.706
0.777
996.796
0.725
0.717
0.687
0.665
0.69
0.689
0.713
0.715
0.703
0.677
0.643
0.518
0.422
0.419
0.424
0.412
0.4
0.403
0.418
0.416
0.405
0.397
0.443
0.411
0.46
0.469
0.465
0.453
0.577
0.634
0.734
0.733
1004.145
0.707
0.687
0.695
0.684
0.697
0.747
0.713
999.796
0.699
0.693
0.676
0.72
0.691
1.963
1000.106
0.67
0.638
0.524
1.287
0.707
0.732
0.693
999.347
0.682
0.637
0.388
0.377
0.424
0.618
0.663
0.651
0.729
0.687
0.711
0.695
0.732
0.689
0.687
0.748
0.583
999.392
0.417
0.433
0.418
0.397
0.4
0.5
0.692
0.675
0.538
0.417
0.447
0.422
0.439
0.833
0.809
0.682
0.675
0.715
0.679
0.695
0.683
0.693
0.698
0.663
0.688
0.665
0.717
0.716
0.732
0.712
0.662
0.601
0.734
0.76
0.723
0.704
0.692
0.678
0.701
0.744
0.691
0.697
0.711
0.733
0.732
0.589
0.493
0.58
0.572
0.611
0.633
1.551
1.067
0.498
998.358
1.262
0.385
2.948
1.889
0.712
0.535
0.344
0.421
0.395
0.376
0.35
0.424
0.451
0.554
0.423
0.45
0.492
0.384
0.468
0.502
0.563
0.669
0.574
0.475
0.463
0.525
0.508
0.526
0.459
0.665
0.536
0.458
0.412
0.501
0.413
0.42
0.413
0.416
0.405
0.544
997.403
0.511
0.342
0.342
3.126
1.955
1.002
0.426
0.453
0.698
0.381
0.406
0.0
0.544
0.626
0.485
0.357
0.357
0.41
0.569
0.431
0.418
0.4
0.532
0.567
0.6
0.749
0.718
0.393
997.03
0.446
0.534
0.497
996.714
0.561
0.497
0.537
0.648
0.571
0.614
0.655
0.614
0.607
0.634
0.743
0.399
0.557
0.684
0.65
0.614
0.745
1.478
0.699
0.544
1.216
0.354
2.729
1.579
0.567
0.428
0.368
997.58
0.416
0.4
0.434
0.465
0.422
0.43
0.553
0.394
0.556
0.445
0.51
0.574
0.636
0.524
0.567
0.419
0.592
0.513
0.522
0.423
997.091
0.504
0.411
0.413
0.475
0.423
0.396
0.393
0.423
0.423
0.734
0.596
0.421
0.436
0.403
2.17
1.134
997.72
0.353
0.695
0.407
0.389
0.377
0.466
0.589
0.461
0.322
0.306
0.458
0.568
0.422
997.971
0.428
0.581
0.581
0.634
0.748
0.766
0.459
0.391
0.531
0.544
0.487
0.39
0.493
0.613
0.622
0.578
0.51
0.599
0.555
0.646
0.546
0.661
0.658
0.47
0.51
0.399
0.422
0.417
0.432
0.423
0.414
0.429
0.429
0.425
0.44
0.417
0.428
0.589
0.423
0.42
0.553
0.676
0.558
0.483
0.426
0.418
0.373
0.459
0.415
0.457
0.43
0.395
0.418
0.405
0.444
0.416
0.413
0.361
0.388
0.429
0.448
0.452
0.665
0.701
0.721
0.685
0.471
0.43
0.457
0.446
0.424
0.428
0.453
0.392
0.405
0.436
0.354
0.58
0.403
0.465
1.225
0.718
0.685
0.549
0.421
0.394
0.368
0.568
0.724
1.042
0.787
0.414
0.417
0.443
0.426
0.42
0.432
0.382
0.406
0.415
0.393
0.437
0.413
0.417
0.399
0.445
0.481
0.428
0.442
0.423
0.429
0.523
0.46
0.423
0.408
0.437
1.099
0.494
0.554
0.444
6.626
5.807
5.174
4.289
3.983
3.384
1.825
0.572
0.319
0.25
0.266
0.316
0.314
0.382
0.456
0.531
0.411
0.432
0.395
0.612
0.69
0.679
0.69
0.685
0.765
0.724
0.679
0.705
0.695
0.673
0.681
0.744
0.788
0.8
997.599
0.649
0.753
0.683
0.713
0.655
0.523
0.419
0.415
0.793
0.379
0.385
0.385
0.412
0.468
0.404
0.447
0.581
0.465
0.428
0.385
0.37
0.487
0.571
0.371
0.515
0.738
0.697
0.708
0.717
0.665
0.691
0.736
0.689
0.692
0.684
0.712
0.682
0.695
0.685
0.724
0.691
0.701
0.693
0.76
0.708
0.728
0.712
0.694
0.688
0.668
0.678
0.696
0.692
0.701
0.741
0.68
0.742
0.634
0.514
0.422
0.456
0.567
0.661
0.7
0.692
0.71
0.835
0.654
0.728
0.675
997.788
0.721
0.719
0.727
997.427
0.926
0.671
0.687
0.851
0.629
0.828
0.804
0.685
0.658
0.61
0.52
1.173
0.787
0.673
0.47
0.463
0.348
0.383
0.0
0.71
0.791
0.809
0.703
0.656
0.478
0.387
0.384
0.364
0.434
0.724
0.717
0.658
0.669
0.656
0.445
0.431
0.366
0.374
0.381
0.404
0.36
0.394
0.37
0.39
0.358
0.348
0.402
0.402
0.418
998.377
0.471
0.712
0.697
0.819
0.718
0.727
0.78
0.737
0.71
0.719
0.868
0.648
0.732
0.695
0.684
0.671
0.718
0.699
0.703
0.729
999.033
0.706
0.646
0.794
0.816
0.679
0.832
0.75
0.743
0.816
0.704
0.702
0.692
0.716
0.774
0.68
0.707
0.692
0.69
0.67
0.607
0.425
0.431
0.439
0.45
0.436
0.0
0.431
0.43
0.424
0.467
0.616
0.703
0.691
0.71
0.706
0.699
0.751
0.69
0.704
0.676
0.454
0.436
0.431
0.436
0.448
0.432
0.438
0.459
0.407
0.409
0.432
0.446
0.412
0.423
0.423
0.44
0.43
0.423
0.439
0.561
0.862
0.557
0.86
0.862
0.5
0.91
0.688
0.418
0.401
0.422
0.372
0.405
0.435
0.693
0.775
0.632
0.431
0.394
0.416
0.391
1.066
0.345
0.372
0.362
0.411
0.422
0.393
0.412
0.423
0.421
0.411
0.445
0.345
0.357
0.353
0.336
0.4
0.342
0.415
0.391
0.0
0.371
0.443
0.444
0.426
0.398
0.512
0.664
0.599
0.438
0.463
0.665
0.454
0.381
0.0
0.37
0.389
0.62
0.707
0.706
0.422
0.416
0.439
0.466
0.379
0.411
0.379
0.406
0.388
0.393
0.508
0.567
0.416
0.37
0.377
0.373
0.371
0.416
0.382
0.371
0.388
0.406
0.379
0.377
0.372
0.411
0.392
0.387
0.71
0.933
0.75
0.73
0.804
0.817
0.612
0.391
0.793
0.71
0.519
0.35
0.54
0.358
0.349
0.435
0.669
0.592
0.476
0.496
0.776
0.503
0.355
0.347
0.633
0.602
0.383
0.36
0.353
0.355
0.615
0.742
0.676
0.725
0.655
0.297
0.34
0.551
0.594
0.584
0.751
0.694
0.71
0.655
0.786
0.799
0.732
0.732
0.75
0.739
0.617
0.544
0.632
0.543
0.393
0.375
0.41
0.349
0.419
0.347
0.382
0.377
0.423
0.368
0.354
0.413
0.563
0.346
0.348
0.407
0.352
0.362
0.461
0.693
0.671
998.005
0.583
0.569
0.466
2.881
2.114
1003.59
0.749
0.563
0.969
0.635
0.789
0.827
0.847
0.811
0.794
0.807
0.68
0.726
0.793
0.782
0.825
0.721
0.794
0.831
0.699
0.616
0.626
0.821
0.796
0.821
0.847
21.492
20.632
19.4
18.293
17.258
16.151
15.06
14.027
12.966
11.779
10.521
9.605
8.512
7.415
6.369
5.23
4.593
3.326
2.304
0.569
6.914
21.814
20.706
19.595
18.647
17.445
23.762
22.663
21.585
20.478
19.381
18.279
17.179
16.08
15.66
14.584
13.489
12.435
11.294
10.192
9.11
8.033
6.965
5.883
4.827
3.732
2.629
0.944
0.58
1.877
998.77
0.849
0.715
0.819
0.651
0.685
0.674
0.82
0.747
0.766
0.866
0.67
0.768
0.681
0.473
0.446
0.573
0.824
0.615
0.386
0.375
0.355
0.35
0.361
0.352
0.357
0.348
0.348
0.349
0.344
0.382
0.35
0.474
0.348
0.357
0.382
0.352
0.379
0.362
0.346
0.602
0.758
0.721
0.627
0.52
0.417
999.164
997.649
0.493
2.202
1.101
0.515
0.521
0.76
0.545
0.401
0.398
0.409
0.418
0.398
0.483
0.54
0.4
0.37
0.375
0.347
0.513
0.88
998.126
0.807
0.831
0.776
0.813
0.756
0.767
0.762
0.799
0.791
0.753
0.76
0.707
0.783
998.353
0.712
0.751
0.775
0.795
0.659
0.701
0.775
0.698
1000.769
0.796
998.372
997.473
0.77
0.762
0.784
0.711
0.757
0.834
0.743
0.868
0.843
0.895
0.752
0.852
0.851
0.89
0.911
0.887
0.854
0.719
0.887
0.871
0.894
0.686
0.699
0.816
0.685
0.677
0.848
0.721
0.638
0.764
0.7
0.74
0.9
0.879
0.914
0.69
0.65
0.564
0.668
0.641
0.711
0.662
0.574
0.54
0.389
0.687
0.691
0.582
0.528
0.719
0.637
0.524
0.689
0.672
0.679
0.727
0.696
0.694
0.701
0.71
0.722
0.604
0.53
0.746
0.703
0.725
0.709
0.802
0.743
0.739
0.748
0.697
1.021
0.469
0.0
0.386
0.41
0.61
0.505
0.445
0.468
0.374
0.382
0.38
0.841
0.609
0.379
0.387
0.385
0.381
0.0
0.626
0.763
0.677
0.668
0.679
0.742
0.757
0.719
0.726
0.677
0.688
0.678
0.0
0.672
0.563
0.664
0.555
0.705
0.698
0.568
0.769
0.731
0.623
0.465
0.469
0.38
0.379
0.351
0.342
0.475
0.717
0.705
0.705
0.693
0.7
0.702
0.431
0.759
0.429
0.352
0.773
0.791
0.662
0.708
0.402
0.492
0.658
0.679
0.57
0.635
0.666
0.615
0.547
0.581
0.437
0.653
0.553
0.588
0.618
0.531
0.67
0.637
0.633
0.67
0.712
0.606
0.6
0.603
0.557
0.662
0.712
0.691
0.784
0.737
0.72
0.737
0.697
0.66
0.495
0.386
0.536
0.534
0.652
0.677
0.52
0.703
0.402
0.682
0.678
0.682
0.649
0.609
0.644
0.731
0.619
2.936
1.776
0.792
0.67
0.402
0.777
0.607
0.701
0.647
0.663
0.758
0.406
0.616
0.666
0.652
0.626
0.71
0.721
0.788
0.0
0.679
0.696
0.578
0.664
0.593
0.582
0.407
0.704
0.644
0.641
0.701
0.643
0.67
0.667
0.646
0.646
0.622
0.658
0.595
0.669
0.609
0.627
0.478
0.652
0.648
0.463
0.558
0.562
0.522
0.364
0.367
0.432
0.506
0.656
0.677
0.559
0.544
0.51
0.342
0.513
0.412
0.342
0.501
0.723
0.776
0.869
0.518
0.412
0.383
0.429
0.326
0.427
0.432
0.569
0.383
0.49
0.492
0.547
0.549
0.411
0.464
0.369
0.373
0.351
0.537
0.394
0.426
0.438
0.453
0.47
0.696
0.682
0.716
0.557
0.304
0.372
0.487
0.429
0.392
0.562
0.688
0.505
0.445
0.662
0.525
0.521
0.525
0.724
0.709
0.773
998.447
0.72
0.548
0.507
0.527
0.4
0.553
0.687
0.52
0.696
0.605
0.474
0.586
0.446
0.341
0.49
0.606
0.563
0.644
0.584
0.657
0.49
0.419
0.409
0.5
0.418
0.416
0.404
0.443
0.453
0.463
0.432
0.462
0.416
0.45
0.416
0.421
0.427
0.429
0.434
0.427
0.418
0.423
0.417
0.383
0.447
0.652
0.684
0.783
0.544
0.521
0.403
0.39
0.443
0.445
0.431
0.736
0.747
0.708
0.672
0.509
0.445
0.45
0.438
0.426
0.44
0.424
0.422
0.716
0.701
1997.636
0.746
0.623
0.486
0.603
0.486
0.426
0.418
0.422
0.409
0.416
0.41
0.329
0.579
0.432
0.417
0.474
0.66
1.184
0.705
0.677
0.704
0.745
0.581
0.475
0.43
0.441
0.655
0.538
0.428
1000.835
0.447
0.396
998.066
0.486
0.418
0.427
0.45
0.43
0.535
998.134
0.429
999.896
0.567
0.812
0.682
0.702
0.739
1004.91
0.706
0.902
0.404
1000.908
0.408
0.413
1.087
0.781
0.733
0.735
0.733
0.728
0.75
0.725
0.676
0.72
0.471
0.387
0.353
0.386
0.408
0.359
0.368
0.372
0.423
0.377
0.406
0.372
0.403
0.376
0.365
0.435
0.523
0.372
0.38
0.39
0.397
0.372
0.396
0.406
0.37
0.367
0.423
0.449
0.405
0.65
0.505
0.68
0.307
998.049
0.39
0.418
0.442
0.412
0.565
0.669
0.55
0.403
0.427
0.408
0.402
0.44
0.403
0.421
0.425
0.445
0.54
0.5
0.404
0.401
0.418
0.414
0.429
0.434
0.326
0.41
0.421
0.439
0.389
0.393
0.376
0.439
0.43
0.397
0.522
0.467
0.451
0.409
0.418
0.398
0.576
0.669
0.619
0.406
0.407
0.487
0.652
0.511
0.537
0.413
0.413
0.413
0.571
0.419
997.72
0.441
0.381
0.412
0.667
0.744
0.741
0.75
0.731
0.779
0.719
0.708
0.74
0.791
998.412
0.757
0.783
0.815
0.712
0.52
0.417
0.421
0.477
0.746
0.797
0.789
0.795
0.782
0.753
0.755
0.778
0.807
0.751
0.795
0.773
0.74
0.759
0.773
0.796
0.784
0.783
0.693
0.802
0.758
0.781
0.778
0.807
0.754
0.824
0.819
0.735
997.869
0.768
0.804
0.747
0.804
0.778
0.772
0.755
0.762
0.776
0.769
0.857
0.773
0.778
0.771
0.777
0.778
0.768
0.793
0.798
0.801
0.758
0.764
0.795
0.773
0.787
0.799
0.831
0.785
0.769
0.77
0.806
0.745
0.762
0.767
0.845
0.743
0.847
0.801
0.779
0.763
0.792
0.767
0.758
0.771
0.775
0.773
0.765
0.772
0.788
0.74
0.987
0.803
0.691
0.516
0.407
0.415
0.414
0.417
0.413
0.866
0.751
0.743
0.816
0.75
0.725
0.822
0.701
0.755
0.782
0.746
0.701
0.751
0.772
1000.726
0.779
0.77
0.759
0.756
0.866
0.81
0.755
0.782
0.736
0.773
0.741
0.711
0.719
0.869
0.79
0.752
0.747
0.73
0.783
0.73
0.757
0.808
0.804
0.961
0.763
0.515
0.833
998.301
997.168
0.815
0.809
0.849
0.759
0.771
0.726
0.721
0.688
0.765
0.724
0.672
0.578
3.225
2.14
1.101
0.736
999.3
0.722
0.714
0.769
0.754
0.726
0.721
0.713
0.715
0.663
0.673
0.714
997.51
0.719
0.726
0.724
0.744
0.697
0.559
0.428
0.44
0.397
0.397
0.483
0.548
0.403
3.661
2.392
1.306
0.585
0.418
0.401
0.39
0.42
0.447
0.561
0.624
0.531
0.406
0.416
0.397
0.385
0.415
0.417
0.441
1000.845
0.447
0.419
0.398
0.422
0.413
0.417
0.427
0.416
0.404
0.414
0.39
0.392
0.42
0.426
0.423
0.407
0.403
0.428
0.403
0.433
0.422
0.43
0.412
0.401
0.408
0.386
0.409
0.427
0.433
0.419
0.445
0.419
0.429
0.461
0.427
0.459
0.454
0.453
0.426
0.433
0.402
0.416
0.399
0.464
0.414
0.406
0.92
1.74
0.659
1.106
0.423
0.591
0.434
0.418
0.496
0.372
0.372
0.381
0.485
0.682
0.527
0.438
999.098
0.736
0.676
0.702
0.728
0.655
0.713
0.737
0.704
0.725
0.705
0.684
0.702
0.696
0.71
0.748
0.785
0.746
0.706
0.678
0.703
0.676
0.658
0.661
0.627
0.477
0.391
0.402
0.401
0.424
0.414
0.42
0.442
0.417
0.413
0.416
0.44
0.411
0.421
0.421
0.414
0.429
0.444
0.446
0.452
0.475
0.423
0.435
0.443
0.442
0.524
0.44
0.744
0.754
0.711
0.737
0.777
0.547
0.416
0.408
0.391
0.421
0.578
0.499
0.415
0.427
0.457
0.427
1000.35
0.446
997.543
0.542
0.712
0.7
0.703
0.752
0.685
0.691
0.686
0.724
0.7
0.725
0.763
0.72
0.686
0.685
0.697
0.689
0.735
0.683
0.698
0.697
0.715
0.699
0.687
0.716
0.703
0.712
0.641
0.461
1001.152
0.436
0.429
997.933
0.428
0.427
0.431
996.759
0.425
0.407
0.47
0.427
0.438
0.434
0.433
0.429
0.434
0.493
0.448
0.448
0.424
0.465
0.963
0.42
0.404
0.401
0.428
0.418
0.404
0.415
0.396
0.402
0.444
0.405
0.417
0.402
0.407
0.405
0.402
0.404
0.423
0.394
0.397
0.409
0.399
0.4
0.403
0.396
0.403
0.422
0.432
0.443
0.43
0.434
0.456
0.441
0.46
0.434
0.423
0.419
0.416
0.419
0.464
0.436
0.423
0.444
0.44
0.416
0.431
0.429
0.43
0.435
0.431
0.443
0.435
0.427
0.434
0.453
0.453
0.474
0.418
0.405
0.419
1018.906
0.446
0.717
0.552
0.421
0.419
0.43
0.382
0.38
0.392
0.399
0.504
0.481
0.471
0.567
0.4
0.407
0.431
0.418
0.416
0.418
0.415
0.422
0.419
0.416
0.412
0.442
0.598
0.73
0.63
0.644
0.678
0.684
0.696
0.718
0.678
0.688
0.703
0.728
1000.283
0.68
0.714
0.413
0.418
0.395
0.428
0.403
0.404
0.467
0.533
0.692
0.7
0.7
0.696
0.718
0.693
0.664
0.707
0.703
0.72
0.714
0.753
0.71
0.73
0.71
0.727
0.689
0.671
0.648
0.683
0.7
1000.927
0.615
999.322
0.682
0.707
0.826
0.369
0.437
0.408
0.391
0.418
0.441
0.439
0.414
0.436
1000.406
0.697
0.703
0.69
999.699
0.73
0.729
0.733
0.696
0.69
997.356
0.731
1.265
0.54
0.422
0.413
0.387
0.385
0.395
0.368
0.391
0.39
0.385
0.39
0.411
0.409
0.426
998.254
0.402
0.416
0.416
0.432
0.703
0.688
0.519
0.409
0.426
0.444
0.483
0.453
0.731
0.694
0.625
0.567
0.684
0.694
0.756
0.757
0.751
0.743
0.733
0.738
0.721
0.69
0.731
0.688
0.696
0.682
0.674
0.701
0.695
0.706
0.705
0.687
0.667
0.74
0.685
0.683
0.68
0.689
0.683
0.709
0.7
0.696
0.688
0.703
0.681
0.685
0.699
0.679
0.675
0.678
0.67
0.677
0.691
0.701
0.656
0.713
0.468
0.448
0.392
0.414
0.423
0.434
0.519
0.454
0.503
0.723
0.749
0.725
0.743
0.764
0.741
998.97
0.724
0.671
0.715
0.719
0.719
0.791
0.745
0.754
0.757
0.756
0.766
0.719
0.712
0.707
0.709
0.717
0.725
0.715
0.712
0.701
0.749
0.716
0.704
0.717
0.721
0.722
0.665
0.743
0.725
0.715
0.71
0.736
0.687
0.703
0.665
0.695
0.57
0.443
0.462
0.417
0.417
0.428
0.484
24.821
23.673
22.642
21.589
20.484
19.316
18.327
16.529
16.12
15.008
14.05
12.904
11.795
10.838
9.727
8.568
7.539
0.728
0.503
0.599
0.513
0.42
0.647
997.874
0.723
0.545
0.625
0.439
0.678
0.702
0.651
0.63
0.625
0.561
0.607
0.631
0.686
0.617
997.392
0.49
0.64
0.508
0.657
0.639
0.642
0.654
0.698
0.723
0.609
0.531
1000.017
0.647
0.69
0.676
0.764
0.722
0.737
0.726
0.715
0.69
0.581
0.408
0.608
0.703
0.663
0.671
0.656
0.671
0.666
0.74
0.806
0.736
0.733
0.665
0.784
0.679
0.738
0.587
3.159
2.03
0.966
1.012
0.545
0.592
0.655
0.612
0.716
0.701
0.708
0.48
0.443
0.511
0.633
0.69
0.669
0.662
0.696
0.773
0.609
0.664
0.686
0.677
0.696
0.619
0.666
0.508
0.674
0.761
1000.312
0.814
0.599
0.782
0.703
0.731
0.747
0.607
0.934
0.605
0.66
0.627
0.531
0.684
0.461
0.567
0.624
0.584
0.453
999.132
0.639
0.642
0.636
0.458
0.451
0.455
0.453
0.447
0.468
0.444
0.454
0.478
0.409
0.45
0.42
0.437
0.433
0.52
0.625
1000.723
0.664
0.691
0.694
0.695
0.687
997.61
0.652
0.574
0.706
0.738
1000.243
0.687
0.703
0.7
0.736
0.695
0.692
0.742
0.696
0.711
0.694
0.693
0.698
0.7
0.822
0.575
0.468
0.471
0.725
0.728
0.699
0.699
0.689
0.675
0.763
0.789
0.777
0.719
0.712
0.683
0.699
0.703
0.818
0.698
0.68
0.684
0.793
0.71
0.701
0.698
0.668
0.692
0.683
0.778
0.874
0.381
0.422
0.808
0.628
0.542
0.421
0.406
0.673
0.727
0.736
0.58
0.585
0.436
0.416
0.409
0.421
0.428
0.414
0.416
0.381
0.42
0.426
0.603
0.659
0.693
0.716
0.695
0.685
0.723
0.706
0.687
0.643
0.705
0.767
0.715
0.657
0.701
0.693
0.677
0.692
0.715
0.694
0.713
0.732
0.677
0.723
0.719
0.716
0.719
0.782
0.715
0.718
0.731
0.694
0.723
0.695
996.984
0.695
0.705
0.695
0.692
0.684
0.693
0.75
0.713
0.711
0.764
0.718
0.753
0.71
0.688
1000.58
0.68
0.68
0.687
1000.031
0.378
0.361
0.404
0.489
0.421
0.447
0.421
0.454
0.526
0.714
0.92
1.525
1.008
0.591
0.436
0.34
0.332
0.324
0.328
0.423
0.431
0.415
0.342
0.411
0.414
0.434
0.383
0.383
0.371
0.358
0.415
0.422
0.309
0.355
0.399
0.745
0.735
0.711
0.678
0.871
0.859
0.834
0.826
0.845
0.898
0.871
0.818
0.816
0.771
0.829
0.828
0.791
0.737
0.835
0.841
0.828
0.848
0.725
0.672
0.661
0.632
0.6
0.86
0.623
0.462
0.385
0.399
0.373
0.384
0.383
1000.118
0.726
0.674
0.651
0.793
0.679
0.725
0.764
0.679
0.667
0.564
0.933
0.894
997.309
0.656
0.552
0.518
0.538
0.641
0.621
0.427
0.748
0.544
0.723
0.75
0.716
0.682
0.604
0.473
0.387
0.39
0.382
0.409
0.663
0.699
0.649
0.67
0.709
0.691
0.689
0.663
0.691
0.705
0.63
0.416
0.687
0.675
0.686
0.694
0.867
0.751
0.566
0.389
0.384
0.39
0.401
0.502
0.409
0.383
0.488
0.747
0.654
0.561
0.573
0.519
0.395
0.388
0.383
0.383
0.382
0.386
0.377
0.389
0.435
0.697
998.992
0.594
0.621
0.417
0.552
0.483
0.522
0.465
0.613
0.355
0.353
0.439
0.341
0.36
0.348
0.352
0.391
0.35
0.337
0.351
0.371
0.351
0.347
0.344
0.398
0.35
0.354
0.378
0.446
0.628
0.543
0.385
0.376
0.374
0.37
0.381
0.518
0.605
0.488
0.453
0.532
0.463
0.474
0.416
0.39
0.421
0.543
0.487
0.453
0.372
0.381
0.488
0.432
0.469
0.476
0.488
0.571
0.468
0.652
2.461
1.467
21.348
32.213
39.108
38.019
37.001
35.914
34.851
33.733
1000.681
31.609
30.513
29.446
28.268
27.221
26.2
9.022
31.864
30.738
29.632
28.619
33.557
32.515
31.476
30.595
29.378
28.288
27.201
26.341
25.215
24.21
23.076
22.021
20.889
20.012
18.785
17.649
16.566
15.455
14.489
13.581
12.202
11.138
10.249
9.027
7.882
7.016
5.851
4.586
3.553
2.385
1.257
0.492
0.852
0.611
0.706
0.849
0.696
997.555
0.879
0.905
0.78
0.703
0.846
0.774
0.785
0.577
0.805
0.85
0.696
0.584
0.851
0.638
0.728
0.57
0.684
0.681
0.828
0.929
0.928
0.875
0.762
0.825
0.758
0.815
0.852
0.846
996.898
0.896
0.889
0.703
0.486
0.708
0.703
0.838
0.723
0.665
0.673
0.594
0.659
0.721
0.711
0.761
0.694
0.607
0.471
0.368
0.407
0.58
0.41
0.37
0.357
0.347
0.349
0.391
0.351
0.355
0.37
0.402
0.515
0.431
0.534
0.38
0.378
0.379
0.393
0.368
0.357
0.374
0.355
0.374
0.385
0.359
0.549
0.517
0.675
1000.399
0.738
0.741
0.745
0.706
0.749
0.658
0.545
0.719
0.724
0.707
0.772
0.718
997.836
0.861
0.872
0.679
0.86
0.819
0.769
0.667
0.712
0.626
0.677
0.45
0.437
0.381
0.392
0.39
0.395
0.652
0.751
0.742
0.954
0.803
0.674
0.685
0.737
0.701
0.752
0.774
0.712
0.678
0.674
0.825
0.674
0.671
0.716
0.741
0.72
0.72
0.723
0.822
997.201
0.592
0.396
0.388
0.395
0.534
0.602
0.84
1000.388
0.75
0.769
0.679
0.666
0.625
0.706
0.69
0.687
0.678
0.656
0.617
0.494
0.669
0.698
0.707
0.675
0.633
0.503
0.445
0.62
0.384
0.488
0.386
0.411
0.511
1000.06
0.63
0.666
0.667
0.666
0.624
0.483
0.556
0.697
0.581
0.684
0.675
0.678
0.668
0.685
0.733
0.642
0.676
0.683
0.636
0.401
0.388
0.433
0.466
0.714
0.73
0.788
0.68
0.611
0.655
0.739
0.694
0.819
0.719
0.655
0.726
0.745
0.702
0.727
0.629
0.675
0.597
0.706
0.712
0.711
0.696
0.707
0.681
0.688
0.701
0.548
0.738
0.557
0.345
0.386
0.382
0.378
0.381
999.673
0.381
0.483
0.724
0.739
0.685
0.678
0.642
0.728
0.788
0.582
0.659
0.745
0.72
0.694
999.285
0.544
0.383
0.639
0.661
0.685
0.711
0.693
0.683
0.784
0.714
999.051
0.676
0.576
0.516
0.484
0.679
0.686
0.686
0.69
0.675
0.681
0.679
0.675
0.662
999.767
998.621
0.594
0.511
0.486
0.521
0.482
0.686
0.735
0.772
0.695
0.526
0.612
0.537
0.448
0.628
0.0
0.721
0.676
0.68
0.664
0.679
0.695
0.711
0.665
0.761
0.836
0.566
0.346
0.389
0.414
0.582
0.714
0.606
0.387
0.376
0.376
0.4
0.399
0.388
0.776
0.724
0.504
0.711
0.761
0.702
0.675
0.855
0.7
0.701
0.736
0.421
0.7
0.747
0.692
0.7
0.906
0.828
0.674
0.694
0.696
0.719
0.695
0.707
0.706
0.699
0.712
0.755
0.734
0.718
0.734
0.744
0.62
0.551
0.487
0.654
0.647
0.629
0.559
0.654
0.613
0.41
0.387
0.403
0.416
0.416
0.406
0.665
0.693
0.672
0.786
0.679
0.69
1003.743
0.692
0.663
0.694
0.703
0.715
0.698
0.0
0.704
0.808
0.786
0.696
0.818
0.832
0.736
0.763
0.762
0.705
0.823
0.673
0.531
0.642
0.708
0.735
0.639
0.64
0.649
0.653
0.578
0.497
0.873
0.537
0.661
0.392
0.292
0.288
0.406
0.0
0.641
0.77
0.746
0.823
0.472
0.668
0.785
0.728
0.698
0.705
0.736
0.72
0.746
0.745
0.495
0.641
0.628
0.662
0.625
0.656
0.67
0.655
0.677
0.667
0.713
0.718
0.781
0.651
0.785
0.469
0.437
0.676
0.349
0.536
0.73
0.63
0.593
0.683
0.527
0.639
0.516
997.409
0.396
0.729
0.609
0.583
0.599
2.519
1.443
0.476
0.382
0.36
0.38
0.82
0.639
0.497
0.612
0.667
0.914
0.658
1000.146
0.652
0.451
0.358
0.564
0.622
0.655
0.766
0.593
998.293
0.612
0.83
0.64
0.68
0.67
0.719
0.584
0.669
0.672
999.123
0.675
0.565
0.482
0.719
0.642
0.667
0.651
0.573
0.641
0.55
0.467
0.744
0.543
0.595
0.39
0.32
0.356
0.463
0.587
0.805
0.697
0.714
0.775
0.476
0.687
0.754
0.733
0.669
0.694
0.776
0.747
0.692
0.568
0.529
0.6
0.584
0.582
0.679
0.713
0.62
0.595
0.721
0.717
0.735
0.642
0.627
0.703
0.53
0.494
0.475
0.619
0.392
0.568
0.77
0.573
0.616
0.672
0.539
0.614
0.648
0.415
0.656
0.73
0.625
0.364
2.831
2.056
0.971
0.297
0.404
0.42
0.619
0.521
0.574
0.625
0.65
0.768
0.645
0.518
0.672
0.506
0.425
0.638
0.677
0.653
1000.666
0.647
0.571
0.645
0.625
0.681
0.639
0.708
0.678
0.626
0.581
0.665
0.667
0.563
0.644
0.519
0.409
0.406
0.429
0.689
0.716
0.734
0.633
0.745
0.684
0.705
0.689
0.729
0.704
0.723
0.698
0.69
0.711
0.677
0.7
0.699
0.781
0.569
0.406
0.426
0.418
0.432
0.428
0.43
0.471
0.712
0.72
0.62
0.647
0.495
0.405
0.424
0.943
0.385
0.384
0.391
998.517
0.365
0.377
0.386
0.383
0.391
0.4
0.386
0.362
0.391
999.481
0.369
0.359
1.414
0.402
0.753
0.732
0.747
0.7
0.761
0.706
0.726
0.679
0.68
0.688
0.69
0.733
0.653
0.547
0.607
0.392
0.636
0.491
0.533
0.493
0.426
0.415
0.346
0.41
0.394
0.411
0.411
0.471
0.496
0.371
0.36
0.506
0.451
0.409
0.487
0.663
0.688
0.735
0.717
0.686
0.508
0.409
0.409
0.421
0.406
0.432
0.528
0.405
0.426
0.455
0.449
0.371
0.451
0.464
0.403
0.407
0.475
0.618
0.82
0.748
0.764
0.685
0.691
0.673
0.672
998.094
0.803
0.776
0.71
0.676
1000.485
0.831
0.605
0.704
0.464
0.519
0.755
0.0
0.758
0.725
0.726
0.715
0.713
0.743
0.78
0.708
0.737
0.7
0.69
0.637
0.541
0.515
0.0
0.771
0.766
0.702
0.697
0.707
0.733
0.691
0.727
0.81
0.771
0.803
0.747
0.674
0.713
0.717
0.0
0.618
0.42
0.425
0.422
0.401
0.485
0.418
0.413
0.426
0.425
0.417
0.433
0.434
0.419
0.451
0.43
0.427
0.419
0.428
0.0
0.384
0.429
1.85
0.758
0.716
0.416
0.422
0.883
0.473
2.369
1.268
0.773
0.684
0.4
0.416
0.605
0.446
0.445
0.473
0.467
0.488
0.444
0.425
0.445
0.425
0.41
0.419
0.407
0.411
0.417
0.525
0.429
0.478
0.433
0.422
0.411
0.41
0.409
0.0
0.399
0.414
0.397
0.414
0.428
0.385
0.487
0.702
0.704
0.709
0.767
0.651
0.663
0.712
0.701
0.704
0.729
0.752
0.715
0.681
0.69
0.723
0.723
0.689
0.72
0.731
0.723
0.726
0.702
0.696
0.701
0.668
0.68
0.688
0.69
0.703
0.709
0.708
0.707
0.558
0.727
0.652
0.409
0.431
0.427
0.429
0.397
0.418
0.429
0.397
0.42
0.415
0.443
0.396
0.341
0.435
0.404
0.413
0.403
0.419
0.397
0.626
0.672
0.607
0.624
0.498
0.605
0.424
0.415
0.436
0.609
0.718
0.736
0.783
0.703
0.548
0.519
0.0
0.556
0.401
0.417
0.439
0.546
0.684
0.74
0.699
0.681
1000.294
0.667
0.697
0.711
0.699
0.702
0.728
0.674
0.729
0.704
0.695
0.793
0.695
0.718
0.698
0.721
0.816
0.821
0.0
1.761
1.19
0.623
0.404
0.379
0.386
0.396
0.408
0.0
0.699
0.462
0.683
0.683
0.584
0.413
0.415
0.394
996.825
0.419
1998.736
0.396
0.414
0.457
0.425
0.444
0.428
0.435
0.456
0.491
0.465
0.412
0.426
0.527
0.474
0.411
0.377
0.334
3.805
2.779
1.656
0.706
0.713
0.637
0.53
0.768
0.625
0.795
0.547
0.381
0.401
0.42
0.439
0.417
0.43
0.416
0.413
0.394
0.453
0.396
0.5
0.73
0.908
0.536
0.426
0.416
0.416
0.424
0.467
0.59
0.546
0.463
997.574
0.417
0.397
0.431
0.463
0.457
0.414
0.404
0.405
0.412
0.413
0.404
0.416
0.401
0.406
0.478
0.676
0.401
0.433
0.446
0.501
0.462
0.56
0.78
0.71
0.618
0.647
0.588
0.409
0.435
0.422
0.434
0.609
0.453
0.415
0.687
0.695
0.676
0.699
0.689
0.804
0.737
0.746
0.703
0.72
0.695
0.464
0.431
1.16
0.369
0.389
0.0
0.401
0.392
0.381
0.424
0.441
0.547
0.371
0.39
0.422
0.429
0.435
0.416
0.415
0.425
0.553
0.0
0.698
0.713
0.684
0.687
0.689
0.701
0.696
0.738
0.717
0.703
0.669
0.718
0.709
0.755
0.764
0.692
0.698
0.688
0.695
0.686
0.692
0.729
0.658
0.456
0.421
0.415
0.433
0.447
999.6
0.495
0.0
0.607
0.791
0.745
0.686
0.695
0.0
0.698
0.585
0.73
0.705
0.687
0.67
0.722
0.745
0.736
0.689
0.0
0.679
0.692
0.723
0.688
0.673
0.687
0.562
0.496
0.492
0.493
0.59
0.729
0.716
0.731
0.701
0.767
0.73
0.733
985.726
0.708
0.0
0.586
0.45
0.718
0.751
0.74
0.708
987.809
0.684
0.701
0.737
0.791
0.76
0.73
0.684
0.741
0.706
0.688
0.78
0.692
0.705
0.677
0.726
0.739
0.718
0.688
0.696
0.75
0.691
0.717
0.733
0.749
0.731
0.736
0.724
0.743
0.681
0.678
0.709
0.69
0.727
0.701
0.706
0.716
0.775
0.689
0.684
0.0
0.653
0.714
0.731
999.588
0.711
0.68
0.688
999.247
0.695
0.747
0.702
0.677
0.696
0.7
0.675
0.679
0.601
0.471
0.521
0.682
0.731
0.751
0.691
0.684
0.697
0.698
0.695
0.764
0.719
0.762
0.805
0.72
0.693
0.701
0.724
0.717
0.723
0.71
0.571
23.843
22.533
21.078
20.116
18.952
17.887
17.228
15.666
14.571
13.674
12.377
11.234
10.556
9.394
8.136
6.972
6.066
4.792
3.728
2.562
1.852
1.007
0.0
0.369
0.385
0.402
0.396
0.396
0.354
0.349
0.354
0.412
0.581
0.352
0.384
0.0
0.398
0.393
0.387
0.433
0.57
0.7
0.618
0.549
0.353
0.366
0.372
0.431
0.728
0.677
0.581
0.362
0.359
0.344
0.406
0.364
0.355
0.382
0.356
0.403
0.38
0.415
0.597
0.0
0.431
0.403
0.37
0.381
0.405
0.377
0.877
0.483
19.767
18.616
17.55
16.456
15.412
14.285
13.241
12.178
11.008
9.905
8.92
7.867
6.843
5.789
4.685
0.0
2.275
1.505
7.927
6.797
5.765
4.735
3.653
2.511
1.432
8.269
7.176
6.154
5.067
3.921
2.891
1.822
0.67
7.502
0.0
5.346
4.308
3.235
2.13
0.0
7.816
6.759
5.658
4.558
3.439
2.333
1.269
5.327
4.241
3.231
2.089
1.006
0.805
1.325
0.873
0.0
0.699
0.749
0.694
0.661
0.789
0.673
0.699
0.629
0.349
0.379
0.63
0.756
0.673
0.581
0.695
0.64
0.544
0.804
0.637
0.54
15.14
14.02
12.959
11.836
10.686
9.512
8.539
11.429
10.211
9.2
9.87
8.66
7.541
6.489
5.495
4.396
3.245
2.049
1.282
0.646
16.841
15.778
14.694
0.0
12.577
19.366
18.304
16.752
20.768
19.702
18.56
17.426
16.434
15.318
14.174
13.076
12.163
11.136
9.99
8.868
7.866
6.705
5.615
4.602
3.692
2.686
1.519
0.153
0.504
0.671
0.575
0.836
0.813
0.833
0.731
0.855
0.434
0.474
0.734
0.651
0.531
0.618
0.535
0.594
0.577
0.489
0.589
0.661
0.615
0.667
0.616
0.549
0.368
0.325
0.36
0.327
0.34
0.41
0.58
0.616
0.631
0.624
0.61
0.686
0.614
0.702
0.697
0.686
0.674
0.458
0.346
0.407
0.661
0.635
0.54
0.678
0.706
0.675
0.585
0.613
2.303
1.052
0.63
0.468
0.656
0.404
0.347
0.404
0.473
0.48
0.395
0.457
0.63
0.659
0.4
0.394
0.602
0.69
0.691
0.42
0.636
0.78
0.907
0.616
0.735
0.7
0.698
0.723
0.61
20.393
19.287
18.17
17.038
15.905
14.921
13.662
12.763
11.694
10.622
9.429
8.523
7.483
6.305
5.139
4.008
3.168
2.116
0.976
0.683
0.617
0.55
0.734
0.629
0.669
1000.53
0.708
0.464
0.493
0.685
998.943
0.603
0.63
0.558
0.601
0.521
0.617
0.577
0.662
0.626
0.586
0.626
0.535
0.379
0.325
0.36
0.31
0.376
0.457
0.624
0.661
0.689
0.664
997.707
0.824
0.682
0.696
0.722
0.701
0.673
0.557
0.379
0.418
0.678
0.638
0.697
0.6
0.69
0.679
0.644
0.656
0.624
1.883
0.789
0.622
0.539
0.675
0.356
0.425
0.385
0.386
0.367
0.388
0.728
0.67
997.884
0.429
0.418
0.616
0.654
1000.117
0.428
0.587
0.671
0.662
0.652
0.633
0.649
0.621
0.615
0.688
0.713
0.708
0.704
0.657
0.695
0.697
0.705
0.688
0.707
0.74
0.693
0.679
998.842
0.731
1000.255
999.137
0.662
0.72
0.72
0.67
0.788
0.671
0.536
0.422
0.441
0.635
0.523
0.444
0.417
0.498
0.753
0.753
0.728
0.731
0.746
997.373
1000.763
0.75
0.687
0.682
0.703
0.709
0.685
0.684
0.725
0.676
0.692
0.573
0.601
0.434
996.991
0.419
0.436
0.439
0.429
0.417
0.443
0.434
0.435
999.342
0.434
0.418
1000.034
0.432
0.439
0.487
0.637
0.713
0.693
0.697
999.238
0.697
0.708
0.75
0.795
0.703
0.685
0.7
0.743
0.673
0.619
0.605
0.661
997.197
0.701
0.706
0.785
0.698
0.677
0.722
0.717
0.737
0.767
998.94
0.763
0.595
0.573
0.418
0.418
0.408
0.457
0.585
0.556
0.65
0.491
0.409
0.41
0.409
0.419
0.411
0.436
0.447
0.513
0.805
0.55
0.457
0.457
0.408
0.422
0.456
0.485
0.644
0.561
0.677
0.686
0.533
0.622
0.497
0.461
0.427
0.425
0.445
0.537
0.571
0.476
0.497
0.405
0.417
0.408
0.758
0.619
0.528
0.514
0.413
0.426
0.422
0.408
0.407
0.423
0.767
0.571
0.699
0.494
0.408
0.418
0.414
0.537
0.619
0.553
0.389
0.401
0.424
0.414
0.411
0.416
0.465
0.419
0.482
0.713
0.71
0.57
0.39
0.535
0.377
0.326
1.502
0.8
0.758
1.713
1.07
1.344
0.695
0.695
1.538
0.797
1.436
0.722
1.676
998.615
0.681
0.609
0.339
0.384
0.411
0.387
0.363
0.382
0.438
0.422
0.407
0.445
0.402
0.45
0.44
0.448
0.426
0.393
0.383
0.377
0.419
0.421
0.478
1000.668
0.545
0.469
0.425
0.684
0.686
0.7
0.693
0.703
0.67
0.698
0.715
0.746
0.689
0.704
0.68
0.698
0.707
0.723
0.742
0.713
997.591
0.706
0.693
0.716
0.757
0.731
0.698
0.721
0.711
0.707
0.685
0.715
0.696
0.712
0.698
0.712
0.73
0.715
0.708
0.691
0.749
0.697
0.727
0.749
0.748
0.682
997.303
0.685
0.703
0.739
0.752
0.73
0.72
0.724
0.735
0.759
0.679
0.681
0.688
0.694
0.675
0.728
0.71
0.696
0.679
1000.661
0.707
0.686
0.684
0.693
0.73
0.682
0.741
0.727
0.693
0.699
0.692
0.72
0.696
0.706
0.71
0.723
0.759
0.712
0.721
0.71
0.487
0.439
0.433
0.447
997.036
0.754
0.709
0.693
0.742
0.7
0.661
997.396
0.703
0.679
0.715
0.756
0.697
0.709
0.694
0.713
0.511
0.444
0.415
0.389
0.428
0.433
0.425
0.417
0.428
0.432
0.435
0.43
0.424
0.435
0.418
0.439
0.438
0.431
0.447
0.474
0.469
0.459
0.42
0.413
0.435
0.487
0.454
0.445
0.479
0.491
0.56
0.525
0.611
0.47
0.614
0.697
0.678
0.699
0.665
0.7
0.705
0.723
0.686
0.689
0.691
0.719
0.748
0.684
0.738
0.698
0.684
1000.457
0.613
0.43
0.434
0.432
0.463
0.413
0.449
0.461
0.491
0.719
3.673
2.632
1.638
0.695
999.807
0.438
0.388
0.454
0.675
0.67
998.363
0.691
0.724
0.728
0.718
0.769
0.721
0.701
0.719
0.698
0.68
0.699
0.687
0.699
0.7
0.692
0.689
0.694
0.655
0.501
0.409
0.404
0.437
0.424
0.414
0.422
0.401
0.421
0.43
0.408
0.428
0.417
0.424
0.457
0.428
0.429
0.42
0.417
0.424
0.417
0.422
0.421
0.443
0.466
0.569
0.523
0.421
0.421
0.412
0.401
0.406
0.446
0.424
0.372
0.401
0.408
0.422
0.42
0.398
0.498
0.628
0.569
0.469
0.415
0.43
0.434
0.662
0.702
0.655
0.409
0.407
998.753
0.505
0.439
0.406
0.511
0.442
0.416
0.416
0.407
0.429
0.412
0.418
0.442
0.52
0.0
0.685
0.627
0.641
0.556
0.491
0.588
0.471
0.471
0.45
0.415
0.452
0.48
0.481
0.485
1.441
0.72
0.694
999.809
0.757
0.744
0.599
0.631
0.466
0.443
0.454
0.51
0.482
0.454
0.567
0.565
0.679
0.616
0.699
0.659
0.684
0.63
0.459
0.43
0.451
0.441
0.446
0.457
0.576
0.664
0.668
0.563
0.531
0.532
0.437
0.438
0.446
998.736
0.478
1000.407
0.654
0.527
0.443
0.444
0.527
0.409
0.402
0.417
0.422
0.399
0.569
0.665
0.452
0.418
0.42
0.431
0.418
0.406
0.442
0.461
0.443
0.674
0.725
0.576
0.413
0.412
0.419
0.397
0.386
0.419
0.417
0.432
0.418
0.423
0.4
0.413
0.417
0.424
0.428
0.586
0.73
0.566
0.4
0.42
0.435
0.418
0.418
0.376
0.46
0.616
0.636
0.46
0.433
0.421
0.416
0.422
0.41
0.425
0.43
0.432
0.407
0.415
0.419
0.412
0.412
0.545
0.662
0.724
0.652
0.415
0.398
0.573
0.658
0.69
0.697
0.697
0.735
0.644
0.485
0.415
0.425
0.406
0.422
0.438
0.413
0.413
0.423
0.427
0.418
0.433
0.411
0.437
0.43
0.522
0.719
0.698
0.593
0.708
0.691
0.72
0.77
0.745
0.77
0.743
0.654
0.451
0.455
0.412
0.413
0.413
0.412
0.414
0.42
0.405
0.406
0.406
0.42
0.335
0.377
0.403
0.41
0.404
0.395
0.42
0.43
0.411
0.615
0.471
0.418
0.425
0.467
0.439
0.443
0.37
1000.421
0.684
997.975
0.702
0.723
0.702
0.683
0.602
0.439
0.414
0.416
0.407
0.412
0.416
0.417
0.421
0.464
997.442
0.612
0.441
0.429
0.44
0.408
0.406
0.399
0.42
0.419
998.395
0.432
0.462
0.539
0.417
0.42
0.413
0.415
0.42
0.418
999.529
0.576
0.485
0.688
0.651
0.691
0.67
0.742
0.474
0.415
0.412
0.439
0.423
0.411
0.412
0.456
0.481
0.63
0.534
0.574
0.421
0.402
0.427
0.559
0.795
0.411
2.254
1.154
0.569
1.893
1.128
0.547
0.763
0.695
0.586
0.937
0.645
0.464
0.349
0.425
0.711
0.692
0.689
0.376
0.454
0.39
0.392
0.378
0.389
0.369
0.425
0.5
0.398
0.409
0.418
0.417
0.421
0.442
0.427
0.418
0.407
0.409
0.43
0.42
0.498
0.646
0.708
0.719
0.768
0.689
0.639
0.487
0.493
0.404
0.404
0.414
0.457
0.452
0.401
0.693
0.725
0.564
0.423
0.405
0.43
0.413
0.423
0.411
0.427
0.415
0.398
0.369
0.38
0.411
0.398
0.34
1.469
0.624
0.414
0.43
0.379
0.345
0.361
0.335
0.454
0.419
0.422
0.408
0.449
0.677
0.388
0.457
0.666
0.576
0.387
0.409
0.387
0.501
0.614
0.648
0.72
0.475
0.493
0.375
0.38
0.479
0.371
0.361
0.527
0.683
0.731
0.831
0.479
0.358
0.358
0.363
0.397
0.465
0.501
0.481
0.341
0.435
0.535
998.627
0.518
0.413
0.396
0.332
0.397
0.413
0.469
0.39
0.564
0.562
0.443
0.495
0.674
0.663
0.671
0.474
0.309
0.392
0.494
0.413
0.455
0.56
0.642
0.485
0.518
0.539
996.936
0.526
0.484
0.633
0.669
0.732
0.685
0.681
0.558
0.459
0.531
0.419
0.476
0.647
0.534
0.716
0.559
0.0
0.592
0.449
0.37
0.424
0.519
0.578
0.645
0.587
0.682
