0.000000
0.000000
0.000000
0.000000
0.000000
0.000000
0.000000
0.000000
0.000000
0.000000
0.000000
0.000000
0.000000
0.000000
0.000000
0.000000
0.000000
0.000000
0.000000
0.000000
0.000000
0.000000
0.000000
0.000000
0.000000
0.000000
0.000000
0.000000
0.000000
0.000000
0.000000
0.000000
0.000000
0.000000
0.000000
0.000000
0.000000
0.000000
0.000000
0.000000
0.000000
0.000000
0.000000
0.000000
0.000000
0.000000
0.000000
0.000000
0.000000
0.000000
0.000000
0.000000
0.000000
0.000000
0.000000
0.000000
0.000000
0.000000
0.000000
0.000000
0.000000
0.000000
0.000000
0.000000
0.000000
0.000000
0.000000
0.000000
0.000000
0.000000
0.000000
0.000000
0.000000
0.000000
0.000000
0.000000
0.000000
0.000000
0.000000
0.000000
0.000000
0.000000
0.000000
0.000000
0.000000
0.000000
0.000000
0.000000
0.000000
0.000000
0.000000
0.000000
0.000000
0.000000
0.000000
0.000000
0.000000
0.000000
0.000000
0.000000
0.000000
0.000000
0.000000
0.000000
0.000000
0.000000
0.000000
0.000000
0.000000
0.000000
0.000000
0.000000
0.000000
0.000000
0.000000
0.000000
0.000000
0.000000
0.000000
0.000000
0.000000
0.000000
0.000000
0.000000
0.000000
0.000000
0.000000
0.000000
0.000000
0.000000
0.000000
0.000000
0.000000
0.000000
0.000000
0.000000
0.000000
0.000000
0.000000
0.000000
0.000000
0.000000
0.000000
0.000000
0.000000
0.000000
0.000000
0.000000
0.000000
0.000000
0.000000
0.000000
0.000000
0.000000
0.000000
0.000000
0.000000
0.000000
0.000000
0.458000
0.477000
0.505000
0.570000
0.572000
0.579000
0.581000
0.589000
0.590000
0.601000
0.615000
0.622000
0.627000
0.633000
0.641000
0.648000
0.649000
0.654000
0.656000
0.657000
0.658000
0.662000
0.662000
0.666000
0.671000
0.683000
0.686000
0.714000
0.729000
0.734000
0.753000
0.758000
0.760000
0.762000
0.765000
0.765000
0.772000
0.777000
0.796000
0.801000
0.807000
0.874000
0.883000
0.897000
0.899000
1.076000
1.129000
1.138000
1.147000
1.152000
1.152000
1.237000
1.337000
1.349000
1.374000
1.383000
1.466000
1.485000
1.487000
1.775000
1.785000
1.850000
1.936000
1.942000
2.011000
2.025000
2.034000
2.075000
2.195000
2.234000
2.364000
2.376000
2.426000
2.518000
2.558000
2.704000
2.883000
2.915000
2.920000
3.145000
3.154000
3.162000
3.164000
3.169000
3.172000
3.220000
3.244000
3.264000
3.289000
3.299000
3.329000
3.360000
3.365000
3.385000
3.418000
3.508000
3.510000
3.547000
3.564000
3.901000
3.926000
3.929000
3.929000
3.967000
3.977000
4.017000
4.022000
4.029000
4.032000
4.060000
4.166000
4.186000
4.200000
4.216000
4.252000
4.260000
4.266000
4.270000
4.302000
4.372000
4.396000
4.501000
4.511000
4.534000
4.556000
4.597000
4.614000
4.625000
4.628000
4.628000
4.643000
4.646000
4.681000
4.885000
4.965000
4.987000
5.007000
5.010000
5.031000
5.086000
5.133000
5.152000
5.198000
5.205000
5.207000
5.209000
5.218000
5.223000
5.284000
5.347000
5.356000
5.359000
5.368000
5.372000
5.384000
5.395000
5.395000
5.399000
5.409000
5.413000
5.414000
5.418000
5.425000
5.444000
5.445000
5.454000
5.543000
5.592000
5.595000
5.598000
5.609000
5.610000
5.616000
5.619000
5.620000
5.621000
5.626000
5.634000
5.644000
5.663000
5.667000
5.672000
5.694000
5.703000
5.703000
5.709000
5.710000
5.717000
5.719000
5.720000
5.721000
5.730000
5.739000
5.741000
5.741000
5.744000
5.750000
5.768000
5.774000
5.777000
5.780000
5.786000
5.793000
5.794000
5.799000
5.803000
5.804000
5.805000
5.810000
5.811000
5.818000
5.818000
5.820000
5.822000
5.824000
5.836000
5.838000
5.839000
5.845000
5.845000
5.847000
5.860000
5.864000
5.869000
5.884000
5.889000
5.897000
5.905000
5.907000
5.919000
5.922000
5.923000
5.930000
5.936000
5.936000
5.938000
5.938000
5.941000
5.944000
5.948000
5.953000
5.955000
5.956000
5.959000
5.962000
5.963000
5.964000
5.966000
5.968000
5.968000
5.970000
5.972000
5.975000
5.975000
5.978000
5.979000
5.982000
5.982000
5.983000
5.984000
5.985000
5.985000
5.986000
5.987000
5.988000
5.990000
5.990000
5.995000
5.995000
5.996000
5.997000
5.998000
6.000000
6.000000
6.000000
6.001000
6.001000
6.001000
6.002000
6.002000
6.003000
6.004000
6.004000
6.004000
6.006000
6.006000
6.007000
6.008000
6.009000
6.009000
6.009000
6.009000
6.009000
6.010000
6.011000
6.013000
6.013000
6.014000
6.015000
6.016000
6.016000
6.017000
6.017000
6.017000
6.018000
6.018000
6.019000
6.020000
6.021000
6.021000
6.021000
6.021000
6.022000
6.022000
6.022000
6.025000
6.026000
6.027000
6.029000
6.029000
6.030000
6.032000
6.032000
6.035000
6.036000
6.036000
6.038000
6.039000
6.043000
6.043000
6.044000
6.044000
6.046000
6.047000
6.052000
6.053000
6.058000
6.059000
6.063000
6.255000
6.408000
6.589000
6.591000
6.647000
6.689000
6.738000
6.743000
6.754000
6.768000
6.823000
6.826000
6.883000
6.886000
6.899000
6.905000
6.931000
6.953000
7.029000
7.030000
7.065000
7.077000
7.084000
7.101000
7.131000
7.134000
7.136000
7.136000
7.140000
7.143000
7.143000
7.150000
7.185000
7.208000
7.224000
7.243000
7.248000
7.251000
7.252000
7.261000
7.270000
7.272000
7.282000
7.286000
7.297000
7.299000
7.299000
7.319000
7.345000
7.346000
7.349000
7.350000
7.370000
7.403000
7.423000
7.433000
7.476000
7.482000
7.494000
7.509000
7.514000
7.523000
7.535000
7.588000
7.608000
7.634000
7.650000
7.664000
7.670000
7.676000
7.683000
7.712000
7.752000
7.752000
7.760000
7.770000
7.778000
7.785000
7.802000
7.806000
7.818000
7.822000
7.836000
7.843000
7.844000
7.845000
7.860000
7.878000
7.900000
7.917000
7.927000
7.936000
7.943000
7.952000
7.952000
7.954000
7.970000
7.971000
7.974000
8.016000
8.021000
8.047000
8.048000
8.052000
8.054000
8.062000
8.093000
8.096000
8.104000
8.104000
8.105000
8.115000
8.124000
8.173000
8.173000
8.176000
8.179000
8.183000
8.198000
8.204000
8.215000
8.217000
8.219000
8.220000
8.220000
8.221000
8.221000
8.221000
8.222000
8.222000
8.224000
8.224000
8.224000
8.224000
8.226000
8.226000
8.227000
8.227000
8.227000
8.227000
8.228000
8.229000
8.231000
8.231000
8.232000
8.232000
8.234000
8.234000
8.235000
8.235000
8.236000
8.237000
8.237000
8.238000
8.238000
8.239000
8.239000
8.240000
8.240000
8.241000
8.243000
8.243000
8.246000
8.247000
8.248000
8.248000
8.254000
8.259000
8.260000
8.261000
8.263000
8.263000
8.266000
8.267000
8.269000
8.277000
8.305000
8.351000
8.412000
8.443000
8.445000
8.451000
8.486000
8.568000
8.582000
8.622000
8.628000
8.632000
8.632000
8.660000
8.676000
8.682000
8.699000
8.701000
8.702000
8.702000
8.703000
8.704000
8.706000
8.707000
8.707000
8.708000
8.708000
8.708000
8.709000
8.709000
8.710000
8.714000
8.719000
8.722000
8.722000
8.722000
8.726000
8.726000
8.727000
8.728000
8.729000
8.730000
8.732000
8.732000
8.734000
8.735000
8.736000
8.736000
8.738000
8.741000
8.746000
8.746000
8.749000
8.751000
8.751000
8.751000
8.754000
8.754000
8.754000
8.755000
8.755000
8.755000
8.756000
8.757000
8.759000
8.761000
8.762000
8.763000
8.763000
8.763000
8.764000
8.764000
8.765000
8.767000
8.768000
8.773000
8.776000
8.780000
8.803000
8.804000
8.810000
8.843000
8.852000
8.878000
8.884000
8.891000
8.897000
8.901000
8.902000
8.946000
8.959000
8.971000
8.981000
8.984000
9.014000
9.057000
9.072000
9.096000
9.098000
9.105000
9.195000
9.235000
9.402000
9.440000
9.452000
9.464000
9.475000
9.476000
9.499000
9.502000
9.514000
9.515000
9.553000
9.567000
9.576000
9.588000
9.594000
9.620000
9.651000
9.652000
9.656000
9.668000
9.691000
9.701000
9.703000
9.716000
9.722000
9.726000
9.726000
9.728000
9.731000
9.737000
9.742000
9.748000
9.768000
9.786000
9.830000
9.836000
9.849000
9.852000
9.863000
9.870000
9.876000
9.879000
9.879000
9.888000
9.894000
9.905000
9.923000
9.930000
9.932000
9.941000
9.942000
9.955000
9.981000
9.987000
10.001000
10.026000
10.027000
10.029000
10.047000
10.065000
10.084000
10.095000
10.105000
10.127000
10.133000
10.137000
10.141000
10.148000
10.207000
10.210000
10.268000
10.291000
10.310000
10.348000
10.392000
10.498000
10.502000
10.504000
10.524000
10.622000
10.628000
10.632000
10.634000
10.634000
10.636000
10.636000
10.636000
10.637000
10.638000
10.639000
10.639000
10.640000
10.640000
10.642000
10.645000
10.646000
10.649000
10.649000
10.649000
10.649000
10.649000
10.649000
10.651000
10.653000
10.658000
10.660000
10.664000
10.665000
10.666000
10.666000
10.667000
10.669000
10.670000
10.673000
10.677000
10.678000
10.679000
10.679000
10.683000
10.684000
10.687000
10.689000
10.689000
10.691000
10.691000
10.692000
10.693000
10.694000
10.694000
10.697000
10.697000
10.698000
10.699000
10.699000
10.699000
10.700000
10.700000
10.702000
10.702000
10.702000
10.702000
10.702000
10.703000
10.704000
10.705000
10.705000
10.705000
10.706000
10.706000
10.706000
10.707000
10.708000
10.708000
10.708000
10.709000
10.711000
10.712000
10.713000
10.713000
10.714000
10.718000
10.718000
10.723000
10.723000
10.728000
10.732000
10.735000
10.746000
10.751000
10.761000
10.761000
10.782000
10.792000
10.793000
10.795000
10.796000
10.797000
10.797000
10.797000
10.798000
10.799000
10.800000
10.818000
10.821000
10.822000
10.826000
10.827000
10.828000
10.829000
10.829000
10.830000
10.830000
10.831000
10.832000
10.832000
10.833000
10.835000
10.835000
10.836000
10.837000
10.838000
10.841000
10.842000
10.851000
10.853000
10.869000
10.877000
10.894000
10.896000
10.897000
10.898000
10.899000
10.900000
10.916000
10.917000
10.918000
10.920000
10.947000
10.947000
10.949000
10.949000
10.950000
10.951000
10.951000
10.953000
10.955000
10.959000
10.968000
10.974000
10.974000
10.988000
10.991000
10.992000
10.993000
10.993000
10.995000
11.105000
11.106000
11.107000
11.107000
11.108000
11.108000
11.108000
11.108000
11.108000
11.109000
11.109000
11.109000
11.109000
11.110000
11.111000
11.111000
11.111000
11.112000
11.113000
11.114000
11.114000
11.115000
11.116000
11.118000
11.118000
11.121000
11.122000
11.123000
11.125000
11.125000
11.126000
11.129000
11.134000
11.148000
11.150000
11.150000
11.150000
11.152000
11.156000
11.156000
11.157000
11.166000
11.176000
11.184000
11.185000
11.186000
11.189000
11.190000
11.194000
11.195000
11.196000
11.197000
11.202000
11.202000
11.217000
11.217000
11.217000
11.218000
11.221000
11.221000
11.230000
11.250000
11.257000
11.260000
11.260000
11.261000
11.263000
11.264000
11.264000
11.266000
11.266000
11.267000
11.268000
11.283000
11.286000
11.287000
11.287000
11.288000
11.293000
11.308000
11.327000
11.328000
11.328000
11.328000
11.328000
11.331000
11.331000
11.332000
11.333000
11.336000
11.342000
11.352000
11.355000
11.381000
11.439000
11.450000
11.516000
11.542000
11.581000
11.590000
11.600000
11.620000
11.665000
11.707000
11.722000
11.736000
11.760000
11.770000
11.825000
11.886000
11.886000
11.886000
11.891000
11.891000
11.891000
11.892000
11.892000
11.893000
11.895000
11.895000
11.895000
11.896000
11.896000
11.896000
11.896000
11.896000
11.896000
11.897000
11.897000
11.897000
11.897000
11.897000
11.898000
11.898000
11.898000
11.899000
11.899000
11.899000
11.900000
11.900000
11.900000
11.900000
11.901000
11.901000
11.901000
11.902000
11.902000
11.902000
11.902000
11.902000
11.903000
11.903000
11.904000
11.904000
11.905000
11.905000
11.905000
11.906000
11.906000
11.906000
11.906000
11.906000
11.906000
11.907000
11.907000
11.907000
11.907000
11.907000
11.907000
11.908000
11.908000
11.909000
11.909000
11.909000
11.909000
11.911000
11.911000
11.911000
11.911000
11.912000
11.912000
11.912000
11.912000
11.913000
11.914000
11.914000
11.915000
11.917000
11.918000
11.918000
11.920000
11.923000
11.926000
11.930000
11.932000
11.936000
11.937000
11.938000
11.943000
11.974000
11.976000
11.977000
11.977000
11.978000
11.979000
11.979000
11.979000
11.979000
11.979000
11.979000
11.979000
11.980000
11.980000
11.980000
11.981000
11.981000
11.981000
11.981000
11.981000
11.981000
11.981000
11.981000
11.981000
11.981000
11.981000
11.981000
11.981000
11.981000
11.981000
11.982000
11.982000
11.982000
11.982000
11.982000
11.983000
11.983000
11.983000
11.983000
11.983000
11.983000
11.984000
11.984000
11.984000
11.984000
11.984000
11.984000
11.984000
11.984000
11.985000
11.985000
11.985000
11.985000
11.985000
11.985000
11.985000
11.985000
11.985000
11.985000
11.985000
11.985000
11.985000
11.985000
11.985000
11.986000
11.986000
11.986000
11.986000
11.986000
11.986000
11.986000
11.986000
11.986000
11.986000
11.986000
11.987000
11.987000
11.987000
11.987000
11.987000
11.987000
11.987000
11.987000
11.987000
11.988000
11.988000
11.988000
11.988000
11.988000
11.988000
11.989000
11.989000
11.989000
11.989000
11.989000
11.989000
11.989000
11.989000
11.989000
11.989000
11.989000
11.989000
11.989000
11.990000
11.990000
11.990000
11.990000
11.990000
11.990000
11.990000
11.991000
11.991000
11.991000
11.991000
11.991000
11.991000
11.992000
11.992000
11.992000
11.992000
11.993000
11.993000
11.993000
11.994000
11.994000
11.994000
11.995000
11.995000
11.995000
11.995000
11.995000
11.995000
11.996000
11.996000
11.996000
11.996000
11.997000
11.997000
11.997000
11.997000
11.998000
11.998000
11.999000
11.999000
11.999000
12.000000
12.001000
12.001000
12.002000
12.002000
12.002000
12.003000
12.003000
12.003000
12.004000
12.004000
12.005000
12.005000
12.006000
12.007000
12.008000
12.012000
12.015000
12.016000
12.016000
12.020000
12.025000
12.026000
12.027000
12.034000
12.037000
12.038000
12.040000
12.042000
12.044000
12.049000
12.049000
12.067000
12.070000
12.071000
12.071000
12.073000
12.073000
12.073000
12.075000
12.076000
12.076000
12.076000
12.076000
12.078000
12.078000
12.078000
12.078000
12.078000
12.079000
12.080000
12.080000
12.080000
12.080000
12.081000
12.081000
12.082000
12.082000
12.082000
12.083000
12.083000
12.083000
12.083000
12.083000
12.083000
12.084000
12.084000
12.084000
12.084000
12.085000
12.085000
12.085000
12.085000
12.085000
12.085000
12.086000
12.086000
12.086000
12.086000
12.086000
12.086000
12.087000
12.087000
12.088000
12.088000
12.089000
12.089000
12.089000
12.089000
12.090000
12.090000
12.091000
12.091000
12.091000
12.091000
12.091000
12.091000
12.092000
12.092000
12.093000
12.093000
12.093000
12.093000
12.093000
12.094000
12.094000
12.094000
12.094000
12.094000
12.094000
12.094000
12.094000
12.095000
12.095000
12.095000
12.095000
12.096000
12.096000
12.096000
12.097000
12.097000
12.097000
12.097000
12.098000
12.098000
12.098000
12.099000
12.099000
12.099000
12.099000
12.100000
12.100000
12.100000
12.100000
12.100000
12.100000
12.100000
12.100000
12.102000
12.102000
12.102000
12.102000
12.104000
12.104000
12.104000
12.104000
12.105000
12.105000
12.105000
12.106000
12.107000
12.109000
12.109000
12.110000
12.111000
12.112000
12.113000
12.114000
12.125000
12.131000
12.132000
12.133000
12.137000
12.154000
12.160000
12.177000
12.177000
12.181000
12.194000
12.217000
12.221000
12.229000
12.243000
12.247000
12.256000
12.262000
12.268000
12.282000
12.284000
12.287000
12.288000
12.289000
12.321000
12.370000
12.403000
12.414000
12.434000
12.434000
12.449000
12.459000
12.464000
12.480000
12.526000
12.548000
12.579000
12.589000
12.618000
12.618000
12.621000
12.622000
12.622000
12.635000
12.650000
12.663000
12.715000
12.741000
12.777000
12.836000
12.838000
12.952000
13.002000
13.003000
13.012000
13.015000
13.021000
13.022000
13.022000
13.060000
13.064000
13.131000
13.147000
13.151000
13.222000
13.274000
13.327000
13.360000
13.364000
13.394000
13.411000
13.420000
13.441000
13.444000
13.452000
13.533000
13.538000
13.550000
13.552000
13.567000
13.593000
13.597000
13.683000
13.692000
13.694000
13.703000
13.718000
13.763000
13.783000
13.788000
13.843000
13.948000
13.956000
13.986000
14.062000
14.086000
14.092000
14.098000
14.099000
14.139000
14.157000
14.160000
14.167000
14.178000
14.201000
14.206000
14.216000
14.243000
14.269000
14.314000
14.339000
14.340000
14.352000
14.362000
14.379000
14.386000
14.415000
14.432000
14.432000
14.435000
14.453000
14.456000
14.485000
14.505000
14.515000
14.536000
14.546000
14.549000
14.554000
14.558000
14.589000
14.594000
14.672000
14.703000
14.711000
14.713000
14.726000
14.727000
14.730000
14.738000
14.756000
14.778000
14.780000
14.789000
14.804000
14.815000
14.826000
14.847000
14.855000
14.856000
14.861000
14.874000
14.897000
14.900000
14.943000
14.949000
14.985000
15.014000
15.053000
15.074000
15.086000
15.090000
15.092000
15.125000
15.144000
15.149000
15.157000
15.176000
15.219000
15.220000
15.238000
15.246000
15.304000
15.305000
15.323000
15.333000
15.337000
15.341000
15.403000
15.408000
15.420000
15.444000
15.463000
15.482000
15.496000
15.518000
15.548000
15.693000
15.754000
15.784000
15.813000
15.825000
15.843000
15.858000
15.929000
15.938000
15.985000
15.990000
16.011000
16.125000
16.153000
16.153000
16.159000
16.177000
16.187000
16.226000
16.244000
16.294000
16.305000
16.359000
16.429000
16.461000
16.510000
16.596000
16.628000
16.637000
16.684000
16.719000
16.723000
16.751000
16.759000
16.780000
16.875000
16.904000
16.964000
17.207000
17.221000
17.393000
17.395000
17.423000
17.425000
17.485000
17.513000
17.568000
17.569000
17.591000
17.656000
17.861000
17.880000
17.890000
17.940000
17.983000
17.984000
18.022000
18.099000
18.145000
18.229000
18.231000
18.260000
18.400000
18.403000
18.411000
18.475000
18.485000
18.580000
18.593000
18.593000
18.602000
18.682000
18.781000
18.842000
19.069000
19.119000
19.187000
19.189000
19.404000
19.588000
19.596000
19.630000
20.039000
28.155000
28.161000
28.173000
28.180000
28.191000
28.208000
28.219000
28.231000
28.241000
28.259000
28.267000
28.296000
28.303000
28.306000
28.317000
28.331000
28.336000
28.342000
28.349000
28.358000
28.358000
28.381000
28.386000
28.392000
28.403000
28.406000
28.416000
28.459000
28.470000
28.479000
28.494000
28.520000
28.520000
28.542000
28.551000
28.575000
28.584000
28.614000
28.616000
28.623000
28.634000
28.643000
28.653000
28.660000
28.664000
28.674000
28.682000
28.692000
28.702000
28.708000
28.717000
28.727000
28.737000
28.747000
28.781000
28.794000
28.800000
28.813000
28.827000
28.827000
28.846000
28.858000
28.866000
28.873000
28.881000
28.907000
28.917000
28.920000
28.925000
28.935000
28.939000
28.953000
28.964000
28.972000
28.977000
28.981000
28.986000
28.987000
28.997000
29.018000
29.029000
29.039000
29.045000
29.063000
29.076000
29.087000
29.104000
29.107000
29.117000
29.128000
29.139000
29.163000
29.170000
29.173000
29.176000
29.180000
29.183000
29.187000
29.190000
29.192000
29.195000
29.197000
29.198000
29.208000
29.208000
29.216000
29.217000
29.238000
29.251000
29.259000
29.268000
29.271000
29.277000
29.289000
29.295000
29.299000
29.303000
29.318000
29.320000
29.334000
29.341000
29.347000
29.360000
29.371000
29.388000
29.388000
29.406000
29.410000
29.430000
29.430000
29.446000
29.469000
29.489000
29.497000
29.506000
29.514000
29.514000
29.531000
29.535000
29.537000
29.539000
29.543000
29.549000
29.551000
29.554000
29.562000
29.569000
29.578000
29.595000
29.602000
29.606000
29.612000
29.614000
29.622000
29.654000
29.657000
29.674000
29.675000
29.683000
29.683000
29.704000
29.708000
29.714000
29.716000
29.725000
29.742000
29.751000
29.762000
29.776000
29.794000
29.806000
29.832000
29.834000
29.845000
29.852000
29.874000
29.897000
29.906000
29.931000
29.962000
29.989000
29.997000
30.012000
30.021000
30.022000
30.028000
30.032000
30.042000
30.042000
30.059000
30.061000
30.062000
30.066000
30.087000
30.093000
30.095000
30.096000
30.097000
30.105000
30.114000
30.116000
30.131000
30.137000
30.139000
30.141000
30.156000
30.167000
30.169000
30.171000
30.172000
30.172000
30.186000
30.188000
30.205000
30.212000
30.229000
30.243000
30.252000
30.258000
30.266000
30.270000
30.282000
30.289000
30.290000
30.302000
30.317000
30.337000
30.338000
30.345000
30.347000
30.348000
30.350000
30.355000
30.360000
30.361000
30.369000
30.382000
30.387000
30.391000
30.393000
30.402000
30.402000
30.412000
30.417000
30.423000
30.428000
30.431000
30.448000
30.465000
30.467000
30.480000
30.483000
30.500000
30.503000
30.505000
30.523000
30.530000
30.534000
30.536000
30.543000
30.543000
30.556000
30.559000
30.576000
30.582000
30.583000
30.591000
30.595000
30.600000
30.602000
30.605000
30.616000
30.631000
30.639000
30.640000
30.663000
30.670000
30.672000
30.679000
30.681000
30.696000
30.700000
30.700000
30.702000
30.723000
30.727000
30.743000
30.744000
30.755000
30.758000
30.769000
30.775000
30.778000
30.782000
30.782000
30.783000
30.785000
30.788000
30.789000
30.794000
30.796000
30.799000
30.812000
30.814000
30.815000
30.819000
30.831000
30.833000
30.834000
30.836000
30.859000
30.859000
30.863000
30.891000
30.892000
30.895000
30.902000
30.906000
30.914000
30.928000
30.947000
30.951000
30.958000
30.975000
30.977000
30.981000
30.986000
30.993000
30.997000
31.002000
31.023000
31.025000
31.029000
31.030000
31.035000
31.037000
31.037000
31.039000
31.039000
31.043000
31.047000
31.051000
31.052000
31.055000
31.058000
31.072000
31.075000
31.090000
31.091000
31.093000
31.101000
31.136000
31.137000
31.139000
31.144000
31.151000
31.155000
31.155000
31.156000
31.163000
31.169000
31.169000
31.195000
31.221000
31.226000
31.230000
31.238000
31.243000
31.248000
31.251000
31.261000
31.264000
31.271000
31.271000
31.275000
31.276000
31.276000
31.278000
31.281000
31.282000
31.284000
31.285000
31.292000
31.296000
31.309000
31.327000
31.334000
31.336000
31.343000
31.360000
31.371000
31.376000
31.392000
31.406000
31.406000
31.423000
31.425000
31.431000
31.438000
31.439000
31.446000
31.447000
31.450000
31.463000
31.471000
31.482000
31.501000
31.529000
31.529000
31.532000
31.533000
31.539000
31.553000
31.564000
31.565000
31.570000
31.573000
31.585000
31.587000
31.588000
31.591000
31.595000
31.595000
31.601000
31.602000
31.605000
31.605000
31.610000
31.611000
31.612000
31.618000
31.619000
31.628000
31.630000
31.637000
31.645000
31.653000
31.658000
31.661000
31.672000
31.696000
31.710000
31.712000
31.712000
31.716000
31.734000
31.735000
31.738000
31.745000
31.748000
31.772000
31.779000
31.785000
31.789000
31.794000
31.802000
31.803000
31.811000
31.813000
31.822000
31.833000
31.836000
31.837000
31.843000
31.846000
31.873000
31.887000
31.902000
31.903000
31.919000
31.923000
31.924000
31.935000
31.943000
31.966000
31.968000
31.971000
31.981000
31.982000
31.987000
31.988000
31.995000
32.007000
32.011000
32.026000
32.046000
32.059000
32.059000
32.064000
32.067000
32.092000
32.093000
32.096000
32.100000
32.102000
32.106000
32.108000
32.110000
32.117000
32.120000
32.140000
32.151000
32.157000
32.166000
32.168000
32.171000
32.181000
32.186000
32.198000
32.202000
32.215000
32.222000
32.226000
32.247000
32.247000
32.248000
32.248000
32.258000
32.265000
32.273000
32.275000
32.283000
32.289000
32.292000
32.301000
32.304000
32.308000
32.311000
32.322000
32.323000
32.326000
32.339000
32.340000
32.341000
32.368000
32.373000
32.375000
32.377000
32.382000
32.388000
32.394000
32.403000
32.403000
32.407000
32.409000
32.411000
32.414000
32.416000
32.419000
32.419000
32.424000
32.429000
32.430000
32.432000
32.438000
32.439000
32.440000
32.441000
32.442000
32.442000
32.443000
32.446000
32.467000
32.472000
32.474000
32.484000
32.487000
32.492000
32.493000
32.518000
32.520000
32.520000
32.521000
32.533000
32.563000
32.565000
32.569000
32.577000
32.580000
32.582000
32.588000
32.589000
32.594000
32.616000
32.625000
32.635000
32.636000
32.637000
32.640000
32.645000
32.649000
32.649000
32.654000
32.657000
32.661000
32.663000
32.666000
32.666000
32.667000
32.667000
32.670000
32.671000
32.672000
32.672000
32.672000
32.676000
32.677000
32.678000
32.679000
32.687000
32.688000
32.692000
32.696000
32.698000
32.705000
32.713000
32.713000
32.715000
32.720000
32.727000
32.729000
32.739000
32.745000
32.746000
32.754000
32.762000
32.762000
32.766000
32.769000
32.772000
32.777000
32.780000
32.785000
32.785000
32.789000
32.793000
32.795000
32.796000
32.797000
32.797000
32.798000
32.804000
32.804000
32.805000
32.813000
32.819000
32.822000
32.831000
32.837000
32.838000
32.841000
32.846000
32.848000
32.850000
32.856000
32.857000
32.857000
32.858000
32.867000
32.875000
32.876000
32.885000
32.885000
32.894000
32.897000
32.903000
32.903000
32.905000
32.906000
32.910000
32.912000
32.918000
32.922000
32.927000
32.927000
32.937000
32.947000
32.953000
32.954000
32.959000
32.963000
32.966000
32.966000
32.967000
32.971000
32.975000
32.978000
32.978000
32.981000
32.981000
32.983000
32.987000
32.988000
32.997000
32.999000
32.999000
33.003000
33.004000
33.012000
33.013000
33.021000
33.023000
33.023000
33.026000
33.026000
33.027000
33.028000
33.029000
33.029000
33.029000
33.037000
33.039000
33.042000
33.043000
33.047000
33.048000
33.049000
33.056000
33.064000
33.071000
33.079000
33.080000
33.091000
33.097000
33.101000
33.101000
33.111000
33.125000
33.134000
33.134000
33.135000
33.140000
33.146000
33.146000
33.149000
33.153000
33.154000
33.160000
33.171000
33.171000
33.177000
33.186000
33.188000
33.200000
33.206000
33.213000
33.226000
33.230000
33.236000
33.237000
33.237000
33.242000
33.246000
33.247000
33.254000
33.257000
33.258000
33.263000
33.263000
33.265000
33.265000
33.266000
33.268000
33.276000
33.277000
33.280000
33.285000
33.286000
33.290000
33.299000
33.309000
33.322000
33.324000
33.330000
33.336000
33.340000
33.353000
33.355000
33.357000
33.357000
33.362000
33.375000
33.382000
33.390000
33.395000
33.397000
33.406000
33.408000
33.410000
33.412000
33.412000
33.414000
33.414000
33.418000
33.419000
33.430000
33.431000
33.434000
33.437000
33.438000
33.451000
33.454000
33.459000
33.460000
33.460000
33.461000
33.462000
33.463000
33.470000
33.470000
33.472000
33.475000
33.480000
33.481000
33.487000
33.493000
33.497000
33.498000
33.518000
33.518000
33.519000
33.519000
33.520000
33.520000
33.527000
33.530000
33.541000
33.546000
33.548000
33.548000
33.549000
33.558000
33.569000
33.572000
33.574000
33.576000
33.578000
33.580000
33.586000
33.593000
33.593000
33.596000
33.599000
33.600000
33.601000
33.601000
33.605000
33.608000
33.616000
33.618000
33.622000
33.627000
33.627000
33.628000
33.628000
33.630000
33.630000
33.633000
33.633000
33.635000
33.638000
33.645000
33.645000
33.650000
33.650000
33.652000
33.661000
33.665000
33.666000
33.670000
33.685000
33.696000
33.708000
33.720000
33.729000
33.738000
33.747000
33.749000
33.749000
33.752000
33.753000
33.758000
33.758000
33.772000
33.772000
33.777000
33.779000
33.782000
33.782000
33.783000
33.786000
33.786000
33.786000
33.787000
33.787000
33.789000
33.791000
33.794000
33.795000
33.809000
33.828000
33.830000
33.841000
33.848000
33.850000
33.851000
33.868000
33.870000
33.871000
33.877000
33.878000
33.881000
33.882000
33.884000
33.884000
33.885000
33.886000
33.888000
33.889000
33.893000
33.896000
33.897000
33.898000
33.908000
33.914000
33.922000
33.923000
33.929000
33.930000
33.933000
33.935000
33.935000
33.936000
33.936000
33.937000
33.940000
33.940000
33.940000
33.941000
33.943000
33.949000
33.951000
33.963000
33.983000
33.984000
33.987000
33.988000
33.988000
33.990000
33.992000
33.992000
33.994000
33.995000
33.996000
33.996000
34.001000
34.004000
34.006000
34.011000
34.016000
34.019000
34.021000
34.022000
34.024000
34.026000
34.032000
34.034000
34.035000
34.036000
34.036000
34.037000
34.043000
34.043000
34.046000
34.047000
34.047000
34.047000
34.047000
34.048000
34.051000
34.052000
34.054000
34.057000
34.058000
34.062000
34.067000
34.069000
34.069000
34.069000
34.070000
34.073000
34.083000
34.093000
34.102000
34.102000
34.107000
34.108000
34.110000
34.110000
34.117000
34.118000
34.122000
34.127000
34.132000
34.134000
34.135000
34.136000
34.139000
34.140000
34.142000
34.142000
34.144000
34.144000
34.147000
34.147000
34.149000
34.150000
34.150000
34.151000
34.151000
34.151000
34.153000
34.153000
34.158000
34.158000
34.161000
34.161000
34.162000
34.163000
34.165000
34.165000
34.166000
34.167000
34.174000
34.183000
34.188000
34.191000
34.204000
34.204000
34.209000
34.209000
34.209000
34.211000
34.212000
34.213000
34.213000
34.213000
34.213000
34.213000
34.214000
34.214000
34.216000
34.222000
34.223000
34.224000
34.228000
34.232000
34.236000
34.240000
34.242000
34.244000
34.245000
34.248000
34.255000
34.260000
34.263000
34.282000
34.290000
34.290000
34.293000
34.299000
34.299000
34.299000
34.300000
34.301000
34.301000
34.303000
34.303000
34.304000
34.304000
34.306000
34.306000
34.307000
34.309000
34.309000
34.310000
34.310000
34.310000
34.311000
34.311000
34.314000
34.315000
34.316000
34.316000
34.320000
34.321000
34.321000
34.323000
34.323000
34.323000
34.325000
34.325000
34.325000
34.327000
34.328000
34.328000
34.328000
34.329000
34.329000
34.331000
34.332000
34.332000
34.334000
34.336000
34.337000
34.338000
34.338000
34.339000
34.339000
34.339000
34.340000
34.342000
34.343000
34.344000
34.345000
34.345000
34.346000
34.347000
34.351000
34.352000
34.355000
34.356000
34.364000
34.370000
34.371000
34.375000
34.378000
34.379000
34.380000
34.382000
34.395000
34.396000
34.397000
34.406000
34.413000
34.413000
34.415000
34.425000
34.426000
34.428000
34.439000
34.440000
34.441000
34.441000
34.443000
34.443000
34.444000
34.444000
34.445000
34.447000
34.447000
34.448000
34.449000
34.449000
34.449000
34.450000
34.450000
34.450000
34.451000
34.451000
34.451000
34.452000
34.453000
34.453000
34.454000
34.455000
34.455000
34.456000
34.463000
34.463000
34.463000
34.468000
34.469000
34.477000
34.479000
34.483000
34.483000
34.486000
34.488000
34.490000
34.491000
34.495000
34.496000
34.500000
34.508000
34.515000
34.516000
34.520000
34.525000
34.527000
34.533000
34.541000
34.542000
34.543000
34.544000
34.544000
34.544000
34.546000
34.547000
34.548000
34.548000
34.549000
34.550000
34.552000
34.553000
34.553000
34.555000
34.560000
34.568000
34.568000
34.573000
34.573000
34.575000
34.577000
34.580000
34.586000
34.589000
34.591000
34.595000
34.608000
34.612000
34.615000
34.615000
34.616000
34.619000
34.619000
34.623000
34.639000
34.639000
34.640000
34.641000
34.642000
34.643000
34.645000
34.654000
34.657000
34.660000
34.660000
34.663000
34.664000
34.666000
34.668000
34.672000
34.675000
34.678000
34.680000
34.681000
34.685000
34.685000
34.687000
34.698000
34.698000
34.698000
34.703000
34.708000
34.709000
34.711000
34.712000
34.714000
34.715000
34.718000
34.719000
34.719000
34.732000
34.735000
34.745000
34.750000
34.754000
34.756000
34.764000
34.766000
34.769000
34.775000
34.777000
34.782000
34.782000
34.783000
34.783000
34.783000
34.785000
34.786000
34.792000
34.798000
34.800000
34.800000
34.809000
34.810000
34.815000
34.818000
34.820000
34.823000
34.825000
34.833000
34.833000
34.840000
34.843000
34.844000
34.845000
34.848000
34.855000
34.858000
34.865000
34.869000
34.870000
34.874000
34.876000
34.885000
34.895000
34.903000
34.904000
34.915000
34.919000
34.926000
34.929000
34.931000
34.933000
34.937000
34.939000
34.942000
34.945000
34.951000
34.967000
34.972000
34.974000
34.976000
34.980000
34.997000
35.000000
35.013000
35.014000
35.024000
35.031000
35.032000
35.034000
35.035000
35.036000
35.036000
35.037000
35.037000
35.047000
35.048000
35.055000
35.060000
35.062000
35.062000
35.065000
35.068000
35.070000
35.074000
35.074000
35.076000
35.077000
35.080000
35.081000
35.107000
35.108000
35.114000
35.117000
35.127000
35.131000
35.134000
35.134000
35.135000
35.136000
35.153000
35.158000
35.164000
35.167000
35.167000
35.170000
35.172000
35.174000
35.183000
35.191000
35.193000
35.194000
35.194000
35.195000
35.195000
35.203000
35.214000
35.215000
35.222000
35.230000
35.232000
35.234000
35.240000
35.240000
35.240000
35.241000
35.242000
35.242000
35.243000
35.243000
35.243000
35.245000
35.247000
35.249000
35.249000
35.251000
35.254000
35.255000
35.260000
35.262000
35.264000
35.268000
35.268000
35.276000
35.278000
35.284000
35.285000
35.286000
35.290000
35.298000
35.298000
35.315000
35.327000
35.330000
35.337000
35.341000
35.344000
35.345000
35.346000
35.347000
35.347000
35.347000
35.351000
35.353000
35.355000
35.356000
35.368000
35.371000
35.371000
35.376000
35.380000
35.384000
35.387000
35.387000
35.388000
35.389000
35.391000
35.392000
35.399000
35.406000
35.409000
35.412000
35.414000
35.421000
35.429000
35.430000
35.431000
35.438000
35.442000
35.443000
35.443000
35.446000
35.448000
35.450000
35.457000
35.460000
35.461000
35.462000
35.466000
35.470000
35.473000
35.474000
35.484000
35.497000
35.499000
35.518000
35.521000
35.533000
35.535000
35.535000
35.536000
35.538000
35.538000
35.541000
35.545000
35.551000
35.567000
35.574000
35.582000
35.583000
35.583000
35.592000
35.595000
35.596000
35.597000
35.598000
35.611000
35.615000
35.617000
35.617000
35.621000
35.623000
35.623000
35.625000
35.626000
35.626000
35.626000
35.628000
35.628000
35.630000
35.630000
35.631000
35.635000
35.641000
35.647000
35.654000
35.656000
35.657000
35.658000
35.659000
35.659000
35.660000
35.662000
35.666000
35.669000
35.675000
35.689000
35.692000
35.694000
35.708000
35.709000
35.712000
35.718000
35.720000
35.721000
35.722000
35.727000
35.727000
35.728000
35.735000
35.739000
35.741000
35.746000
35.754000
35.755000
35.756000
35.759000
35.760000
35.764000
35.770000
35.778000
35.783000
35.786000
35.787000
35.795000
35.797000
35.798000
35.798000
35.799000
35.799000
35.800000
35.802000
35.803000
35.804000
35.805000
35.806000
35.810000
35.813000
35.814000
35.815000
35.817000
35.819000
35.831000
35.832000
35.836000
35.837000
35.839000
35.839000
35.852000
35.855000
35.856000
35.867000
35.879000
35.880000
35.881000
35.881000
35.882000
35.882000
35.882000
35.894000
35.903000
35.905000
35.907000
35.909000
35.909000
35.909000
35.910000
35.914000
35.917000
35.919000
35.920000
35.921000
35.927000
35.937000
35.937000
35.942000
35.945000
35.953000
35.961000
35.961000
35.963000
35.966000
35.966000
35.972000
35.981000
35.989000
35.994000
35.994000
35.995000
35.997000
36.000000
36.005000
36.005000
36.007000
36.014000
36.021000
36.022000
36.030000
36.040000
36.052000
36.055000
36.055000
36.055000
36.061000
36.061000
36.062000
36.063000
36.079000
36.080000
36.082000
36.083000
36.087000
36.089000
36.091000
36.096000
36.108000
36.108000
36.129000
36.132000
36.132000
36.134000
36.143000
36.149000
36.150000
36.155000
36.159000
36.160000
36.161000
36.170000
36.172000
36.172000
36.174000
36.174000
36.174000
36.177000
36.177000
36.178000
36.182000
36.187000
36.189000
36.192000
36.197000
36.211000
36.216000
36.219000
36.229000
36.233000
36.233000
36.233000
36.242000
36.242000
36.252000
36.267000
36.268000
36.268000
36.269000
36.270000
36.271000
36.291000
36.297000
36.300000
36.300000
36.309000
36.311000
36.314000
36.319000
36.322000
36.322000
36.324000
36.329000
36.330000
36.331000
36.336000
36.348000
36.350000
36.352000
36.352000
36.353000
36.358000
36.360000
36.363000
36.372000
36.376000
36.387000
36.388000
36.391000
36.393000
36.394000
36.395000
36.395000
36.395000
36.398000
36.398000
36.403000
36.407000
36.408000
36.416000
36.417000
36.419000
36.426000
36.427000
36.427000
36.435000
36.436000
36.437000
36.439000
36.439000
36.440000
36.443000
36.457000
36.459000
36.462000
36.466000
36.467000
36.482000
36.484000
36.485000
36.490000
36.491000
36.492000
36.493000
36.505000
36.508000
36.508000
36.524000
36.524000
36.527000
36.528000
36.529000
36.536000
36.544000
36.548000
36.562000
36.564000
36.564000
36.564000
36.572000
36.572000
36.575000
36.577000
36.586000
36.597000
36.601000
36.605000
36.614000
36.617000
36.618000
36.620000
36.620000
36.622000
36.630000
36.636000
36.637000
36.644000
36.651000
36.654000
36.657000
36.657000
36.660000
36.661000
36.661000
36.663000
36.663000
36.663000
36.676000
36.684000
36.687000
36.693000
36.695000
36.697000
36.698000
36.699000
36.700000
36.701000
36.713000
36.718000
36.719000
36.728000
36.734000
36.739000
36.742000
36.753000
36.753000
36.754000
36.758000
36.765000
36.767000
36.772000
36.773000
36.776000
36.784000
36.786000
36.788000
36.789000
36.801000
36.809000
36.816000
36.817000
36.824000
36.825000
36.826000
36.829000
36.830000
36.831000
36.831000
36.832000
36.838000
36.872000
36.872000
36.873000
36.875000
36.876000
36.877000
36.889000
36.910000
36.911000
36.911000
36.913000
36.914000
36.916000
36.916000
36.919000
36.925000
36.930000
36.936000
36.939000
36.946000
36.946000
36.952000
36.984000
36.985000
36.986000
36.987000
36.988000
37.017000
37.028000
37.031000
37.031000
37.035000
37.045000
37.071000
37.073000
37.074000
37.077000
37.085000
37.094000
37.100000
37.102000
37.110000
37.112000
37.115000
37.132000
37.154000
37.161000
37.163000
37.163000
37.163000
37.167000
37.167000
37.169000
37.177000
37.182000
37.182000
37.184000
37.191000
37.202000
37.227000
37.228000
37.229000
37.231000
37.231000
37.234000
37.268000
37.272000
37.274000
37.319000
37.322000
37.334000
37.352000
37.366000
37.366000
37.372000
37.397000
37.416000
37.416000
37.418000
37.419000
37.419000
37.426000
37.443000
37.455000
37.456000
37.457000
37.476000
37.483000
37.502000
37.504000
37.504000
37.508000
37.512000
37.549000
37.555000
37.575000
37.595000
37.596000
37.597000
37.598000
37.599000
37.610000
37.636000
37.639000
37.678000
37.681000
37.681000
37.682000
37.715000
37.718000
37.718000
37.721000
37.724000
37.726000
37.731000
37.735000
37.750000
37.759000
37.760000
37.761000
37.799000
37.801000
37.805000
37.806000
37.811000
37.814000
37.841000
37.849000
37.851000
37.851000
37.854000
37.854000
37.865000
37.874000
37.877000
37.883000
37.884000
37.887000
37.890000
37.893000
37.928000
37.929000
37.931000
37.952000
37.954000
37.975000
37.978000
37.980000
37.980000
38.006000
38.019000
38.021000
38.023000
38.062000
38.063000
38.063000
38.063000
38.064000
38.104000
38.123000
38.161000
38.164000
38.170000
38.194000
38.205000
38.207000
38.207000
38.209000
38.209000
38.210000
38.218000
38.233000
38.238000
38.239000
38.241000
38.241000
38.242000
38.261000
38.279000
38.281000
38.282000
38.285000
38.323000
38.338000
38.341000
38.354000
38.385000
38.388000
38.389000
38.391000
38.391000
38.392000
38.424000
38.425000
38.429000
38.442000
38.448000
38.477000
38.516000
38.516000
38.517000
38.519000
38.520000
38.520000
38.521000
38.523000
38.549000
38.555000
38.557000
38.561000
38.601000
38.602000
38.602000
38.603000
38.604000
38.606000
38.616000
38.639000
38.640000
38.641000
38.642000
38.642000
38.643000
38.666000
38.686000
38.690000
38.691000
38.691000
38.696000
38.713000
38.715000
38.721000
38.724000
38.746000
38.757000
38.758000
38.758000
38.762000
38.762000
38.786000
38.824000
38.904000
38.909000
38.954000
38.976000
39.013000
39.144000
39.200000
39.313000
39.369000
39.377000
39.516000
39.559000
39.624000
39.633000
39.676000
39.686000
39.735000
39.736000
39.875000
39.960000
39.960000
39.960000
39.962000
39.963000
39.975000
39.976000
39.977000
39.978000
39.984000
40.025000
40.026000
40.028000
40.029000
40.030000
40.030000
40.030000
40.031000
40.033000
40.039000
40.096000
40.097000
40.097000
40.097000
40.098000
40.099000
40.099000
40.099000
40.099000
40.100000
40.100000
40.101000
40.101000
40.102000
40.102000
40.103000
40.106000
40.110000
40.111000
40.115000
40.115000
40.116000
40.120000
40.130000
40.150000
40.150000
40.151000
40.152000
40.153000
40.153000
40.169000
40.185000
40.187000
40.188000
40.188000
40.189000
40.235000
40.235000
40.236000
40.237000
40.237000
40.237000
40.238000
40.238000
40.239000
40.240000
40.241000
40.241000
40.241000
40.241000
40.241000
40.242000
40.243000
40.244000
40.245000
40.246000
40.247000
40.253000
40.260000
40.262000
40.282000
40.283000
40.283000
40.284000
40.285000
40.286000
40.286000
40.286000
40.286000
40.287000
40.287000
40.287000
40.287000
40.288000
40.289000
40.292000
40.295000
40.304000
40.307000
40.310000
40.314000
40.332000
40.334000
40.342000
40.344000
40.344000
40.344000
40.346000
40.347000
40.347000
40.347000
40.348000
40.348000
40.349000
40.349000
40.349000
40.349000
40.349000
40.349000
40.350000
40.353000
40.354000
40.355000
40.356000
40.359000
40.372000
40.376000
40.391000
40.399000
40.400000
40.402000
40.403000
40.403000
40.403000
40.403000
40.405000
40.405000
40.405000
40.407000
40.407000
40.407000
40.408000
40.408000
40.408000
40.409000
40.409000
40.410000
40.410000
40.411000
40.411000
40.421000
40.424000
40.428000
40.434000
40.458000
40.461000
40.462000
40.463000
40.464000
40.464000
40.464000
40.465000
40.465000
40.466000
40.466000
40.466000
40.467000
40.467000
40.467000
40.467000
40.468000
40.468000
40.469000
40.470000
40.470000
40.474000
40.475000
40.477000
40.483000
40.485000
40.487000
40.487000
40.488000
40.488000
40.498000
40.503000
40.508000
40.516000
40.518000
40.521000
40.521000
40.522000
40.523000
40.524000
40.525000
40.535000
40.544000
40.545000
40.546000
40.546000
40.546000
40.547000
40.547000
40.547000
40.548000
40.548000
40.548000
40.548000
40.550000
40.551000
40.555000
40.558000
40.559000
40.560000
40.561000
40.582000
40.607000
40.609000
40.609000
40.610000
40.610000
40.611000
40.611000
40.611000
40.612000
40.612000
40.613000
40.613000
40.613000
40.614000
40.615000
40.616000
40.616000
40.616000
40.616000
40.616000
40.617000
40.617000
40.619000
40.619000
40.619000
40.620000
40.621000
40.624000
40.624000
40.624000
40.627000
40.627000
40.627000
40.628000
40.630000
40.632000
40.636000
40.646000
40.647000
40.651000
40.653000
40.657000
40.657000
40.667000
40.669000
40.672000
40.672000
40.676000
40.676000
40.676000
40.676000
40.677000
40.677000
40.678000
40.678000
40.678000
40.679000
40.682000
40.682000
40.682000
40.683000
40.683000
40.683000
40.683000
40.685000
40.686000
40.687000
40.687000
40.688000
40.689000
40.690000
40.690000
40.691000
40.692000
40.692000
40.692000
40.693000
40.693000
40.698000
40.709000
40.709000
40.713000
40.714000
40.717000
40.720000
40.721000
40.722000
40.726000
40.728000
40.734000
40.792000
40.802000
40.830000
40.852000
40.888000
40.899000
40.917000
40.925000
40.936000
40.951000
40.951000
40.953000
40.956000
40.958000
40.960000
40.962000
40.971000
40.971000
41.010000
41.012000
41.016000
41.018000
41.048000
41.053000
41.059000
41.069000
41.079000
41.081000
41.101000
41.104000
41.117000
41.140000
41.141000
41.146000
41.173000
41.173000
41.175000
41.225000
41.239000
41.253000
41.259000
41.259000
41.274000
41.279000
41.320000
41.325000
41.328000
41.329000
41.332000
41.335000
41.336000
41.363000
41.364000
41.417000
41.424000
41.433000
41.433000
41.434000
41.434000
41.437000
41.438000
41.440000
41.440000
41.442000
41.452000
41.469000
41.472000
41.477000
41.520000
41.527000
41.538000
41.550000
41.558000
41.559000
41.562000
41.563000
41.565000
41.566000
41.569000
41.571000
41.573000
41.591000
41.591000
41.605000
41.627000
41.660000
41.701000
41.703000
41.715000
41.715000
41.717000
41.718000
41.722000
41.726000
41.726000
41.727000
41.740000
41.740000
41.744000
41.745000
41.749000
41.752000
41.754000
41.763000
41.763000
41.771000
41.778000
41.779000
41.781000
41.789000
41.790000
41.791000
41.801000
41.809000
41.816000
41.823000
41.828000
41.831000
41.833000
41.833000
41.834000
41.835000
41.835000
41.836000
41.842000
41.844000
41.845000
41.867000
41.868000
41.889000
41.894000
41.912000
41.917000
41.938000
41.945000
41.951000
41.955000
41.955000
41.957000
41.964000
41.972000
41.977000
41.979000
41.983000
41.985000
42.003000
42.006000
42.012000
42.016000
42.024000
42.037000
42.055000
42.057000
42.058000
42.072000
42.080000
42.083000
42.088000
42.094000
42.094000
42.102000
42.102000
42.102000
42.106000
42.108000
42.111000
42.112000
42.125000
42.131000
42.132000
42.134000
42.135000
42.138000
42.141000
42.146000
42.152000
42.167000
42.174000
42.177000
42.193000
42.212000
42.219000
42.223000
42.227000
42.232000
42.242000
42.245000
42.247000
42.249000
42.249000
42.249000
42.251000
42.252000
42.253000
42.271000
42.275000
42.281000
42.281000
42.283000
42.287000
42.299000
42.300000
42.313000
42.320000
42.329000
42.330000
42.330000
42.333000
42.337000
42.342000
42.367000
42.399000
42.414000
42.421000
42.422000
42.424000
42.424000
42.425000
42.427000
42.427000
42.429000
42.431000
42.434000
42.451000
42.462000
42.489000
42.509000
42.521000
42.523000
42.539000
42.570000
42.575000
42.588000
42.590000
42.590000
42.595000
42.596000
42.598000
42.601000
42.603000
42.604000
42.607000
42.607000
42.629000
42.642000
42.650000
42.654000
42.656000
42.668000
42.674000
42.721000
42.728000
42.732000
42.735000
42.737000
42.737000
42.738000
42.741000
42.743000
42.746000
42.746000
42.750000
42.751000
42.756000
42.756000
42.773000
42.820000
42.834000
42.839000
42.848000
42.851000
42.852000
42.854000
42.859000
42.860000
42.862000
42.870000
42.870000
42.872000
42.874000
42.888000
42.899000
42.921000
42.921000
42.925000
42.932000
42.933000
42.936000
42.939000
42.951000
42.951000
42.967000
42.969000
42.976000
42.981000
42.983000
42.988000
42.994000
43.007000
43.012000
43.015000
43.016000
43.021000
43.021000
43.021000
43.024000
43.029000
43.062000
43.063000
43.064000
43.066000
43.068000
43.069000
43.069000
43.069000
43.070000
43.071000
43.076000
43.076000
43.079000
43.105000
43.110000
43.114000
43.115000
43.116000
43.119000
43.127000
43.129000
43.132000
43.133000
43.136000
43.138000
43.138000
43.157000
43.201000
43.209000
43.220000
43.237000
43.248000
43.256000
43.257000
43.261000
43.265000
43.268000
43.270000
43.276000
43.280000
43.281000
43.291000
43.299000
43.299000
43.302000
43.303000
43.304000
43.305000
43.307000
43.308000
43.314000
43.335000
43.336000
43.336000
43.338000
43.343000
43.351000
43.352000
43.357000
43.362000
43.362000
43.364000
43.367000
43.367000
43.380000
43.384000
43.384000
43.385000
43.385000
43.386000
43.389000
43.391000
43.391000
43.396000
43.401000
43.403000
43.406000
43.421000
43.428000
43.429000
43.431000
43.450000
43.452000
43.454000
43.469000
43.472000
43.474000
43.491000
43.505000
43.515000
43.516000
43.518000
43.524000
43.531000
43.542000
43.549000
43.552000
43.556000
43.556000
43.558000
43.560000
43.564000
43.577000
43.582000
43.584000
43.586000
43.587000
43.588000
43.590000
43.591000
43.598000
43.602000
43.624000
43.625000
43.627000
43.629000
43.629000
43.648000
43.650000
43.651000
43.670000
43.678000
43.690000
43.702000
43.721000
43.724000
43.727000
43.735000
43.763000
43.767000
43.775000
43.780000
43.780000
43.781000
43.781000
43.798000
43.799000
43.802000
43.817000
43.830000
43.853000
43.853000
43.855000
43.865000
43.879000
43.882000
43.893000
43.896000
43.906000
43.910000
43.911000
43.927000
43.928000
43.932000
43.938000
43.942000
43.961000
43.982000
43.983000
43.988000
43.993000
43.997000
43.999000
44.001000
44.002000
44.002000
44.005000
44.022000
44.023000
44.029000
44.033000
44.034000
44.038000
44.047000
44.061000
44.072000
44.072000
44.074000
44.075000
44.077000
44.080000
44.081000
44.082000
44.085000
44.089000
44.124000
44.131000
44.147000
44.151000
44.158000
44.165000
44.166000
44.167000
44.170000
44.179000
44.185000
44.204000
44.216000
44.217000
44.227000
44.228000
44.229000
44.232000
44.235000
44.266000
44.286000
44.287000
44.287000
44.289000
44.289000
44.294000
44.297000
44.313000
44.317000
44.323000
44.329000
44.332000
44.358000
44.383000
44.383000
44.387000
44.393000
44.394000
44.414000
44.415000
44.417000
44.418000
44.424000
44.430000
44.445000
44.452000
44.453000
44.455000
44.458000
44.466000
44.482000
44.487000
44.487000
44.492000
44.493000
44.494000
44.499000
44.500000
44.500000
44.506000
44.510000
44.510000
44.515000
44.519000
44.533000
44.535000
44.556000
44.567000
44.568000
44.572000
44.573000
44.575000
44.575000
44.578000
44.579000
44.582000
44.582000
44.584000
44.588000
44.589000
44.597000
44.612000
44.614000
44.617000
44.618000
44.619000
44.625000
44.625000
44.628000
44.630000
44.632000
44.633000
44.633000
44.634000
44.634000
44.634000
44.636000
44.636000
44.637000
44.637000
44.638000
44.639000
44.641000
44.641000
44.643000
44.644000
44.644000
44.644000
44.645000
44.646000
44.646000
44.646000
44.649000
44.649000
44.649000
44.650000
44.651000
44.653000
44.654000
44.655000
44.656000
44.657000
44.658000
44.658000
44.658000
44.658000
44.659000
44.659000
44.660000
44.660000
44.661000
44.663000
44.664000
44.664000
44.665000
44.666000
44.666000
44.666000
44.667000
44.668000
44.669000
44.669000
44.670000
44.670000
44.671000
44.673000
44.674000
44.675000
44.675000
44.677000
44.677000
44.678000
44.678000
44.678000
44.680000
44.683000
44.685000
44.686000
44.690000
44.698000
44.698000
44.701000
44.715000
44.741000
44.775000
44.776000
44.787000
44.792000
44.811000
44.821000
44.823000
44.824000
44.842000
44.883000
44.926000
44.929000
44.935000
44.944000
44.947000
44.986000
44.990000
44.997000
44.997000
45.007000
45.014000
45.026000
45.037000
45.057000
45.087000
45.094000
45.109000
45.111000
45.123000
45.128000
45.129000
45.135000
45.144000
45.153000
45.159000
45.171000
45.183000
45.205000
45.213000
45.214000
45.217000
45.227000
45.258000
45.264000
45.268000
45.301000
45.308000
45.310000
45.326000
45.359000
45.367000
45.370000
45.399000
45.404000
45.410000
45.413000
45.425000
45.454000
45.488000
45.502000
45.532000
45.553000
45.560000
45.682000
45.701000
45.724000
45.747000
45.774000
45.811000
45.818000
45.823000
45.870000
45.884000
45.896000
45.910000
45.924000
45.940000
45.947000
45.952000
45.952000
45.996000
46.024000
46.037000
46.072000
46.095000
46.275000
46.286000
46.294000
46.327000
46.377000
46.413000
46.423000
46.459000
46.472000
46.487000
46.538000
46.547000
46.614000
46.619000
46.627000
46.666000
46.666000
46.709000
46.746000
46.749000
46.754000
46.791000
46.797000
46.806000
46.815000
46.823000
46.825000
46.844000
46.898000
46.907000
46.936000
47.056000
47.114000
47.230000
47.300000
48.121000
48.674000
48.739000
49.327000
49.971000
50.850000
50.915000
51.141000
51.183000
51.308000
51.384000
51.440000
51.442000
51.602000
51.876000
52.111000
52.220000
52.380000
52.401000
52.407000
52.539000
52.594000
52.895000
52.908000
52.945000
53.169000
53.211000
53.353000
53.442000
54.384000
55.765000
55.800000
55.924000
