0.5106
0.4888
2.3222
0.6417
1.6825
0.6895
0.5691
0.6347
0.5752
0.7171
0.5902
0.4214
0.5461
0.6902
0.4039
0.8823
0.7238
0.8838
0.6146
1.8494
1.2531
8.3626
1.1838
5.7182
6.4669
3.1801
7.7881
2.3541
0.7157
0.45
0.5864
0.3959
0.61
0.5852
0.4182
0.4482
0.5319
0.6003
0.7684
0.4166
0.4462
0.5727
0.5434
0.4769
0.4022
0.4637
0.4212
0.6469
0.5678
0.5106
0.4286
1.6076
0.7362
0.4439
2.5287
1.0077
0.658
0.6378
0.6034
0.5081
0.4411
0.4844
0.4239
0.5548
0.5552
0.5913
0.3879
0.4146
0.4679
0.4609
0.4877
0.4127
0.3627
0.6033
1.6577
0.9401
0.397
0.5849
0.5367
0.5415
0.4423
0.3711
0.4271
0.6176
0.6015
0.5688
0.5708
0.489
0.3855
0.5803
0.5894
0.4092
0.3694
0.4774
0.5883
0.6238
0.4526
0.6501
0.6074
0.4444
0.6436
0.3979
0.4887
0.4862
0.5519
0.4755
0.4239
0.454
0.3869
0.4011
0.4094
0.3509
0.3583
100.3288
0.3642
0.4499
0.454
0.4761
0.5891
0.4237
100.788
0.6198
0.3837
0.5252
0.4948
0.4166
0.3514
0.3634
0.4142
0.3953
0.4241
0.4305
0.4476
0.4618
0.3525
0.3775
0.4346
0.4239
0.3964
0.4865
100.4336
0.4532
0.4706
0.6088
0.4961
0.4583
0.5851
0.4222
0.3903
0.5003
0.8265
0.588
0.3628
0.4657
0.451
100.4834
0.6187
0.5498
0.3624
0.4637
0.6854
0.6063
0.6365
0.5476
0.4014
0.3957
1.6071
0.405
0.4012
0.455
0.6414
0.3792
0.4751
0.4
100.3896
1.5148
0.5279
0.5053
0.4484
0.4853
0.2881
0.5541
0.5344
0.5182
0.6545
0.5887
0.6681
0.6053
0.4606
0.3882
0.3694
0.4219
1.8701
1.6669
9.9394
0.6157
0.5911
0.422
2.7377
0.5492
0.4512
2.6616
2.819
7.4533
3.872
0.5363
0.5872
0.4923
0.5866
0.6433
100.3568
0.5236
0.5877
100.1051
0.4476
0.6155
100.0225
0.5061
0.3902
0.4211
0.6829
0.505
0.4613
0.5078
0.5789
0.4933
0.5341
0.4395
0.6256
0.5147
100.4049
0.6157
0.7348
0.6442
0.5237
0.5247
0.4782
0.657
0.3389
0.4386
0.43
0.5825
0.5632
100.1771
0.5158
0.5349
0.5973
0.5309
0.5883
0.7474
0.4839
0.4172
0.4761
0.4376
0.5224
0.5418
0.5215
0.5291
0.5465
0.3156
0.3701
0.4148
0.49
100.3821
0.7227
0.6984
0.505
0.8273
0.587
0.423
100.7193
0.4388
100.3705
0.5484
0.4365
0.5962
0.6463
0.5565
0.4132
0.5896
0.5898
0.6008
0.6104
0.3695
0.4517
100.3858
0.5197
100.1628
0.5025
0.4528
0.5372
0.6302
0.3864
0.3898
1.0395
100.1402
0.551
0.6513
0.5834
0.4432
0.4074
0.6112
0.3804
0.4233
0.505
0.4416
0.3928
0.4331
0.3298
1.2342
0.3932
0.5276
0.587
0.4607
0.4369
0.5307
0.5335
0.4626
0.5373
0.485
0.5896
100.5775
0.5096
0.6411
0.3491
0.5399
100.1914
0.4072
0.5876
0.5059
0.3746
0.3581
0.3489
100.0243
0.479
0.6025
1.6523
0.5985
0.5286
0.3652
0.4092
0.5281
0.642
0.4527
0.5053
0.3622
0.5612
0.4364
0.4457
0.5088
0.4981
0.4847
0.3376
0.4029
7.4666
5.7639
0.407
1.3934
0.6369
0.5881
100.5002
0.5988
0.4857
1000.281
1.5033
0.3585
4.6772
4.2465
8.131667
0.3185
0.2985
0.715667
0.4002
0.2866
0.3169
0.3382
0.667333
0.336
0.336
0.3014
100.3122
0.308
0.3484
0.3465
0.3111
0.3154
714.143143
0.3096
9.323
0.3186
1.2963
1.0085
0.3078
0.2976
0.306
0.3367
0.2869
0.2712
0.317
0.2906
0.2775
0.3527
0.3758
0.3801
0.322
0.3648
100.1978
0.3229
0.3314
0.31
0.3316
0.3777
1.2209
0.3022
0.3049
0.313
0.550444
0.3387
0.3298
0.3121
100.2643
0.3187
0.2982
0.3141
0.3247
0.3345
0.3475
0.3188
0.3195
0.2851
0.2862
0.3444
997.9867
0.3137
0.2972
0.3178
0.3377
0.3239
0.2915
0.3074
0.3115
0.549
0.3022
0.620889
0.452111
0.3045
0.3059
0.3178
100.2654
0.3112
0.3221
0.3347
0.3397
0.3272
0.3167
0.2959
100.1368
0.3104
0.3053
0.504111
0.3513
0.3779
0.3107
0.3398
0.689778
0.2955
0.4366
0.3235
0.2956
0.2981
0.382
1.0616
0.3363
0.3058
0.3411
0.3074
0.3159
0.291
0.3702
0.478778
0.3082
0.3093
0.3184
0.3716
0.3168
0.401875
0.3151
0.3367
0.3158
0.3005
0.3186
0.3215
0.3063
0.3171
0.422
0.3187
0.559444
0.3409
0.3047
0.3069
0.3113
0.3082
0.583333
0.2994
0.356889
0.3223
0.3565
0.534222
0.3064
0.3094
0.3019
0.3068
0.3198
0.2776
0.514556
0.3196
0.3035
0.3023
0.326
0.3133
0.3105
0.3048
0.454778
0.3607
0.3123
0.3198
0.3242
0.2945
0.2708
0.3232
0.3515
0.3192
0.66
0.3227
0.3061
0.3221
0.316
100.3125
0.3092
0.500778
0.4432
0.6319
0.7641
0.5366
0.5629
0.4604
0.565444
0.7062
9.7924
1.8021
6.1907
0.9947
7.1699
0.5389
0.6442
100.1813
0.4476
0.483
8.3598
0.546
0.5456
100.09
0.6156
0.420444
5.4415
0.504333
0.7082
0.5061
0.5974
0.4173
0.6186
0.5837
0.6301
0.5424
333.751333
0.5836
8.493
0.6357
998.639
0.5134
0.646
1.611111
0.5651
0.4381
0.5128
0.484444
0.5032
2.443556
111.432111
0.4365
0.556
0.6101
0.4495
0.7015
0.5742
0.6021
0.7408
3.067556
1.018
0.506
0.5959
0.7017
0.5475
0.5738
100.0915
0.6797
0.609222
0.5595
0.5446
0.6177
0.76975
0.5298
0.5272
0.5878
0.4795
0.5212
0.5692
0.586
0.6509
0.5162
0.4341
0.4455
0.5203
0.6943
0.5774
0.719333
0.5234
0.4865
0.5417
0.5932
0.807222
0.4992
0.699222
0.4513
0.5438
0.7516
0.5111
0.5573
0.563778
0.4286
0.6164
0.5278
100.2297
0.428143
0.5608
0.560556
0.7507
0.739
0.5375
0.5114
0.6937
200.3258
0.5703
0.5759
0.6688
0.499889
0.5748
0.6612
0.5133
0.5179
0.4387
0.4771
100.6608
0.5498
0.449222
0.4851
0.4818
0.532
0.6392
0.4435
0.496667
100.9911
0.6095
0.6507
0.6962
100.798
0.6072
0.5725
0.5744
0.6578
0.615444
0.6296
0.78
0.4864
0.4352
0.7031
2.9408
0.439889
0.4844
111.726444
0.4901
0.6167
0.7294
0.590778
0.6497
0.5344
0.5818
0.6905
0.3998
0.402222
0.5721
0.5223
0.357556
0.4148
0.5924
0.5936
0.6843
0.6422
0.6147
0.5548
0.4174
0.648
0.5387
0.446556
0.5805
0.619333
0.5754
0.6051
0.6151
111.662889
0.7861
0.5103
0.4692
0.7
0.748
0.5112
0.5841
0.5868
0.6452
0.6112
0.5148
0.4534
0.401333
0.4752
0.5633
0.4913
0.5544
0.5215
0.5755
0.578444
0.662
0.414
6.9338
7.5519
7.5181
4.3122
0.380667
100.5568
10.1169
0.386222
100.7872
0.386111
0.513778
0.636333
0.537556
10.852625
0.629556
100.4266
0.434889
100.5925
1.131
100.4174
0.341222
12.1705
5.173556
0.689667
0.310125
100.651
0.287111
0.365778
0.355889
1.425778
0.296222
110.1602
0.283667
111.562
0.284
0.303556
0.322333
0.364444
0.297
0.355778
0.335778
0.298778
0.355556
0.300444
0.720111
0.368778
0.309556
0.323889
0.348444
0.722
11.028889
0.502222
997.770857
0.519556
11.3758
7.556889
6.8076
0.5178
0.666
0.631222
0.392778
0.586667
0.513667
0.640333
0.460222
0.541889
0.650444
0.616444
0.560222
0.571778
0.410333
0.455556
0.463444
0.629667
0.476571
0.504222
0.729667
0.502444
0.479778
111.485444
0.476778
0.521889
0.577778
1000.424
5.694333
