0.065459
0.239959
0.2145
0.219263
0.235836
0.254574
0.214035
0.21243
0.211262
0.126204
0.177732
0.235145
0.281706
0.25176
0.222718
0.244434
0.246088
0.222557
0.0
0.197022
0.243557
0.242457
0.2456
0.259177
0.243232
0.208536
0.168639
0.040504
0.25033
0.234488
0.253295
0.209914
0.219851
0.241686
0.209272
0.235864
0.011521
0.226055
0.210147
0.242678
0.230254
0.218871
0.221227
0.226175
0.0
0.016592
0.200059
0.233982
0.231479
0.295874
0.209863
0.240383
0.271281
0.07081
0.181642
0.235439
0.222546
0.234931
0.249181
0.239399
0.141908
0.088729
0.248846
0.282778
0.240403
0.261374
0.203935
0.270336
0.237881
0.130775
0.109328
0.222037
0.234159
0.242413
0.251088
0.224172
0.227412
0.006915
0.214892
0.227042
0.25404
0.24895
0.197449
0.22275
0.240165
0.136187
0.114259
0.235892
0.263729
0.193766
0.201991
0.237772
0.224136
0.207458
0.210291
0.242039
0.0
0.210631
0.255407
0.264797
0.194611
0.205015
0.230524
0.216632
0.245336
0.151898
0.044425
0.202818
0.215616
0.237775
0.216957
0.217394
0.191662
0.195035
0.15979
0.098276
0.202756
0.270962
0.251803
0.259693
0.259423
0.204967
0.07401
0.147588
0.216106
0.248228
0.205774
0.253848
0.213136
0.257232
0.275264
0.00963
0.248402
0.230729
0.200334
0.21971
0.255023
0.210471
0.237125
0.0
0.114119
0.23686
0.195218
0.217475
0.239589
0.193148
0.246989
0.018442
0.213382
0.250652
0.289524
0.247908
0.230371
0.209287
0.240217
0.064015
0.139781
0.246277
0.203228
0.208565
0.203505
0.236614
0.259165
0.211511
0.0
0.230944
0.211462
0.214789
0.214007
0.245208
0.232178
0.0
0.221022
0.224966
0.212677
0.234647
0.055965
0.089153
0.422382
0.240208
0.309268
0.002883
0.238791
0.210636
0.236751
0.249616
0.235498
0.248235
0.21291
0.819723
1.601796
1.565362
1.250041
1.131644
0.0
1.621993
1.574254
1.809013
1.837803
1.4139
1.67373
1.795016
1.684818
1.671076
1.744051
1.761362
1.62084
1.599019
1.760544
1.61612
1.779624
1.665271
1.717135
1.666278
1.69471
1.578511
1.615022
1.658033
1.709078
1.679732
1.522274
1.75961
1.584169
1.673266
1.752092
1.900062
1.838394
1.858299
1.913431
1.864745
1.91793
1.926783
1.929251
1.79887
1.783213
1.87481
1.957119
1.891418
1.915532
1.831922
1.816296
1.730943
1.725435
1.581299
1.674375
1.708089
0.0
1.645308
1.725858
1.565554
1.642961
1.625763
0.0
1.727022
1.666013
1.666927
1.732685
1.698784
1.740089
1.671196
1.46511
1.767788
1.743498
1.723352
1.746309
1.713537
1.695981
1.534672
1.621269
1.698345
1.621935
1.756629
1.820628
1.724702
1.795862
1.893242
1.62715
1.506239
1.752373
1.726594
1.644089
1.719671
1.687036
1.711718
1.652936
1.676239
1.790668
1.765412
1.688977
1.750213
0.0
1.551546
1.781473
1.526906
1.741768
1.744644
1.779691
1.760701
1.736074
1.81303
1.587751
1.640278
1.68783
1.80388
1.777203
1.754851
1.670717
1.730525
1.661438
0.0
1.623891
1.791499
1.668085
1.699324
1.662004
1.617163
1.695814
1.684163
1.63658
1.729753
1.660487
1.659216
1.623899
1.478253
1.668789
1.644922
1.686493
1.7878
1.737172
1.730616
1.696681
1.624058
1.609214
1.759414
1.755746
1.62314
1.69482
1.665638
1.716793
1.571731
1.600535
1.70829
1.682967
1.794939
1.757186
1.67062
1.718739
1.579683
1.69085
1.701757
1.708909
1.735841
1.753453
1.778741
0.0
1.616231
1.675946
1.793086
1.664889
1.754116
1.732649
1.75018
1.683087
1.680818
1.753228
1.813313
1.794006
1.753469
1.737622
1.77449
1.671406
1.711323
1.630327
1.684115
1.73388
1.739821
1.637973
1.78597
1.818361
1.732632
1.768956
1.708959
1.679659
1.692978
1.687806
1.754076
1.720217
1.680244
1.737334
1.486995
1.743297
1.737334
1.737622
1.77449
1.671406
1.711323
1.630327
1.684115
1.73388
1.739821
1.737622
1.77449
1.671406
1.711323
1.630327
1.684115
1.73388
1.739821
1.637973
1.737622
1.77449
1.671406
1.711323
1.630327
1.684115
1.73388
1.739821
1.637973
1.78597
1.818361
1.732632
1.768956
1.708959
1.679659
1.692978
1.687806
1.754076
1.720217
1.680244
1.78597
1.818361
1.732632
1.768956
1.708959
1.679659
1.692978
1.687806
1.754076
1.720217
1.680244
1.637973
1.78597
1.818361
1.732632
1.768956
1.708959
1.679659
1.692978
1.687806
1.754076
1.720217
1.737622
1.77449
1.671406
1.711323
1.630327
1.684115
1.73388
1.739821
1.637973
1.78597
1.818361
1.732632
1.768956
1.708959
1.679659
1.692978
1.687806
1.754076
1.720217
1.680244
1.680244
0.77365
0.237818
0.254502
0.2709
1.737334
0.252266
0.274907
0.10733
0.302152
0.237286
0.262852
0.2577
0.205749
0.386831
0.239685
0.120418
0.25723
0.24524
0.246099
0.350329
0.280158
0.267774
0.089355
0.258999
0.315394
0.153738
0.226506
0.535885
0.299931
0.221493
0.116503
0.262161
0.259764
0.170611
0.245058
0.20663
0.305135
0.149628
0.14711
0.244755
0.356033
0.26026
0.325289
0.264257
0.348103
0.002852
0.246826
0.356888
0.294362
0.2448
0.27926
0.235289
0.286126
0.038398
0.300703
0.27721
0.298525
0.256994
0.24005
0.163328
0.124626
0.236019
0.39816
0.246273
0.29675
0.217548
0.237518
0.103331
0.163535
0.214459
0.355188
0.334941
0.255012
0.277774
0.272494
0.310277
0.302632
0.030887
0.281249
0.288393
0.312604
0.233817
0.245831
0.271348
0.22921
0.383736
0.112429
0.200828
0.335337
0.304665
0.314326
0.256829
0.258778
0.397939
0.10521
0.190036
0.322435
0.321888
0.257649
0.257189
0.226563
0.227806
0.184591
0.035269
0.223968
0.248249
0.258801
0.24699
0.221307
0.269946
0.002006
0.214552
0.25458
0.215281
0.22803
0.202324
0.254647
0.172747
0.097852
0.244024
0.22502
0.256941
0.282027
0.394203
0.237776
0.0
0.061487
0.214797
0.244244
0.328441
0.236338
0.247289
0.287604
0.262698
0.026415
0.250515
0.268201
0.249481
0.221977
0.235043
0.254155
0.171272
0.069634
0.286062
0.245758
0.224964
0.246724
0.220645
0.236538
0.027232
0.235551
0.217071
0.201751
0.302071
0.251274
0.251331
0.172517
0.104511
0.246342
0.244169
0.255163
0.266806
0.247716
0.251425
0.002855
0.248196
0.2392
0.191032
0.240521
0.213218
0.232753
0.034482
0.238034
0.245588
0.261282
0.248355
0.208832
0.219362
0.154035
0.124533
0.255955
0.227441
0.21832
0.262886
0.249041
0.21197
0.0
0.226541
0.238838
0.214604
0.222528
0.246851
0.265002
0.036103
0.196243
0.263096
0.253854
0.234422
0.260182
0.264626
0.203603
0.020017
0.253246
0.249749
0.255886
0.251847
0.24289
0.214257
0.041816
0.217222
0.22784
0.252479
0.255071
0.245414
0.223341
0.24972
0.213628
0.213441
0.127692
0.121041
0.247824
0.213935
0.24619
0.208844
0.261255
0.236551
0.244432
0.175696
0.052293
0.198991
0.218728
0.215064
0.215636
