3.59376
3.51269
2.83443
4.05853
3.12872
3.14371
2.98074
3.24886
3.26224
3.15604
4.03604
4.25645
3.43652
3.07532
2.97565
3.18594
5.62349
3.61087
3.16203
5.77617
4.15648
6.48127
4.07484
3.11215
3.14065
3.12013
3.13144
3.07336
3.14643
5.64843
4.55189
0.0
3.2024
3.22197
4.77703
3.14571
3.81647
3.71793
3.16169
3.08145
3.11828
3.25711
4.70738
3.22328
3.134
3.48241
3.25316
3.21122
3.08226
5.80098
3.1421
4.91238
5.90217
5.77785
4.82089
3.44801
3.57222
4.07796
2.92022
3.35616
3.17374
3.31555
4.96919
4.31425
5.09215
3.74399
3.78562
4.57226
3.89828
3.30384
3.21858
1.07159
0.0
0.0
0.0
0.0
0.0
0.0
0.0
0.0
0.0
0.0
0.0
0.0
0.0
0.0
0.0
0.0
0.0
0.0
0.0
0.0
0.0
0.0
0.0
0.0
0.0
0.0
0.39332
0.0
0.0
0.0
0.0
0.0
0.0
0.45483
0.0
0.0
0.0
0.0
0.0
0.50108
0.0
0.45817
0.0
0.0
0.0
0.0
0.38491
0.0
0.0
0.0
0.38987
0.37836
0.47676
0.47046
0.12067
0.88352
0.19345
0.26759
0.0
0.0
0.0
0.50276
0.0
0.0
0.0
0.0
0.0
0.0
0.0
0.0
0.0
0.0
0.0
0.0
0.0
1.65561
0.0
0.0
0.0
0.0
0.49992
0.43674
0.0
0.0
0.0
0.80772
0.0
0.0
0.0
0.87566
0.0
0.41123
0.0
0.0
0.0
3.77732
18.03935
33.67264
43.39172
53.41031
62.41171
64.97544
0.0
0.0
0.0
85.53993
89.12018
80.16907
85.90995
85.64878
86.07358
84.05797
87.38201
87.38552
88.95061
88.22197
86.76135
89.78771
85.68715
88.45718
44.34229
18.35392
51.33041
67.07559
91.75863
101.23145
83.54059
87.57128
85.12326
84.47103
67.54512
79.34273
85.00056
85.75261
85.10243
89.47909
84.59469
84.69826
76.06838
79.45531
77.28267
71.70406
55.89332
90.45008
87.88062
88.7809
86.35457
80.97852
87.54981
96.13223
93.83328
88.06827
80.63177
81.46822
85.18507
85.32862
91.89695
86.99516
82.46066
87.41888
85.8027
88.13503
87.21384
84.597
85.4887
84.85178
84.64896
85.39943
84.29866
87.14664
88.94778
83.88514
85.05008
85.76849
84.21493
85.00941
85.96935
86.19102
85.06663
84.14594
88.19637
85.61261
84.05952
84.93134
85.69554
0.0
85.22211
84.09802
83.10399
84.19296
87.39629
85.94874
82.58667
76.85289
0.0
87.82443
86.70843
86.32974
86.25842
84.08975
82.0095
81.48454
85.8391
0.0
88.16317
86.18931
84.5432
86.77206
85.85631
86.77662
88.04957
86.65332
87.60866
86.06332
85.32395
84.33881
84.71459
87.53697
84.98538
100.47877
94.84185
93.48906
89.30806
97.68965
86.12749
92.34773
86.41274
87.7892
85.60128
83.17265
86.05597
87.56959
86.81993
84.31872
84.53639
85.9967
85.70599
84.98437
88.37326
85.35946
92.34364
91.57651
90.89245
89.04434
67.32264
92.11821
75.09192
98.34894
85.16618
86.7351
85.36804
84.80887
84.80887
81.35971
86.52491
85.6646
86.25763
89.21629
87.2612
83.44224
84.71493
85.45515
83.95051
82.20669
87.23651
0.0
84.44839
86.72343
0.0
86.2063
84.10598
82.70643
85.47421
82.72548
87.61976
86.47124
0.0
88.26155
75.82155
81.47893
0.0
87.71821
90.82318
87.77828
0.0
87.18706
85.50356
84.71769
84.43989
87.25014
83.96071
85.37803
87.17875
84.0668
84.91524
85.41883
87.89021
85.29577
86.37929
85.61353
87.28681
0.0
0.0
34.58239
0.0
37.91228
59.86195
85.76479
101.26154
86.76762
92.81585
85.88586
98.29966
87.63098
88.12716
86.64753
85.81322
66.76595
87.31093
94.56579
88.04922
90.12697
89.78054
87.93506
87.59993
89.8083
87.24729
86.87163
85.47371
0.0
84.17378
83.39392
73.64156
93.31641
89.00578
86.96732
84.37108
87.28151
86.89379
84.95351
86.02874
86.41808
85.08673
87.53097
86.69381
86.62411
87.87204
76.9994
0.0
19.70783
54.43573
76.3065
48.90517
45.37501
42.42119
38.21507
53.58252
73.17777
63.10376
93.36778
93.49655
98.39264
96.01453
87.77203
85.99132
85.80129
87.27066
86.21608
86.56423
85.91207
88.34025
86.41405
84.13687
84.15054
85.50373
87.61932
85.19697
84.66623
90.09836
97.32606
95.18631
91.56499
0.0
85.93133
84.32918
83.70368
87.77519
84.71901
75.41649
80.23045
88.48062
83.56134
88.50227
88.91851
87.10816
85.50793
85.57017
88.89002
87.54001
84.04809
88.11539
86.43963
88.33292
101.17196
101.15881
90.60788
94.337
93.39723
86.50794
85.31623
82.83876
84.60719
86.13639
84.89049
81.37609
76.65925
80.95647
74.94181
85.89121
96.25397
93.02689
95.57945
92.06699
92.77547
98.04416
98.89983
92.56576
90.59055
94.89614
99.53663
100.3011
94.87193
92.73575
94.93441
93.99168
93.39163
93.09387
90.1187
90.82896
93.57768
93.58951
96.07694
91.6874
94.2131
92.21042
94.14036
97.21648
101.18739
101.12137
101.18488
101.12077
101.18207
101.17626
101.1533
101.16181
100.98353
93.43877
99.06475
101.00107
93.4984
93.19015
92.62802
92.94626
93.04928
92.71227
93.32032
92.44116
45.33671
101.28462
52.27584
21.639
61.09673
0.0
99.92957
101.29987
96.001
97.65288
93.66978
92.73766
96.7336
99.59915
93.98029
92.56468
92.68726
94.36832
94.00561
93.12039
93.82455
92.48381
92.87112
94.302
94.32744
94.25484
93.94491
93.66218
95.74632
0.0
93.87419
0.0
93.39942
95.94988
93.17528
100.22104
99.56043
101.14232
95.45004
78.26121
94.62836
100.78264
89.48807
84.82049
83.72494
85.90914
83.67021
81.43709
0.0
0.0
72.18223
68.84887
101.08744
95.6348
94.75048
88.61484
88.80967
84.65893
83.00795
90.31639
84.6882
86.60892
84.33395
87.74067
85.2387
83.85569
86.47819
85.4848
85.59103
87.67982
84.28451
84.30517
87.2263
85.73959
85.08689
69.07577
94.09927
82.08654
84.03479
94.83424
94.4749
86.10316
85.46631
91.03998
87.20301
88.96808
97.07432
87.41906
86.29609
85.87407
83.38202
87.0421
87.50827
82.35131
87.53471
87.58097
86.86486
86.86359
85.93
89.42368
89.34104
101.30622
94.82374
90.59286
96.92837
90.99844
88.01379
39.8417
21.24015
50.05769
55.93345
91.03903
81.0057
84.7536
93.40429
89.31444
66.39846
20.70113
45.49185
58.27156
34.58019
59.49391
101.14069
85.57725
86.37387
87.9098
86.52534
67.82093
0.0
85.02631
84.03892
86.87198
84.74548
86.34729
80.94598
95.48466
101.13643
93.3154
87.74751
84.8914
78.17832
80.87064
67.69986
84.38631
92.54572
83.30068
89.04558
99.91275
101.28777
101.35791
87.43764
89.83441
86.41354
88.46325
87.45245
85.85641
90.76318
82.83942
79.25126
89.45278
84.12786
87.36372
87.82961
86.66692
91.16821
89.01575
83.30729
85.59749
85.58601
84.78514
79.82869
84.99668
85.41638
84.3815
85.18596
88.68946
88.8823
88.40599
86.0721
84.65056
87.38509
86.33502
83.35101
90.07235
87.88731
86.62477
81.45732
72.3477
80.86067
90.37106
82.29026
84.00295
85.48957
71.21509
70.66294
101.15902
88.72081
82.65746
85.55713
77.36543
87.53465
96.26371
87.76666
75.5024
86.69239
84.23197
101.08344
88.82381
91.29276
88.72731
89.43629
93.2009
90.83294
