13.637699
9.445087
7.466852
5.135013
11.420167
9.117724
11.301801
9.722884
5.996903
6.171705
8.651736
2.325778
5.401584
3.530103
3.64805
4.89602
9.394538
90.949806
168.05134
191.239326
157.073416
259.597419
189.555474
63.319446
24.765046
10.210222
22.274036
9.829993
22.654611
22.135456
11.879482
13.877041
4.161938
7.825362
4.209913
9.440384
112.848763
14.052472
34.564353
39.850813
44.107546
33.734233
29.418838
17.930272
15.640779
3.818502
0.790512
10.17919
5.488207
9.988497
9.857
11.005279
5.534099
6.342256
20.662953
13.243752
3.216743
6.112667
11.90344
4.682862
13.314871
8.986734
10.426194
10.560635
1.773728
9.09702
3.215127
7.492019
6.114194
7.514198
7.51652
3.205176
4.650455
6.149539
6.122664
6.194365
13.359652
11.983028
3.220886
10.403543
12.040454
10.60875
7.697239
7.711306
6.284482
12.952918
15.653897
10.01044
5.610189
11.111072
9.851376
14.956099
3.201289
7.617299
7.547419
3.213571
3.217584
4.699339
11.936639
6.136796
7.643236
11.981532
6.167849
13.412667
1.859574
1.786835
7.540763
4.689956
7.668622
6.435872
17.909325
7.376314
19.772823
20.762047
9.293319
17.399031
11.372409
6.939432
11.832168
9.433493
4.659493
10.447704
16.158652
6.091735
11.784704
6.119787
11.818039
10.426538
13.253488
9.167303
10.648633
2.018123
12.28922
9.646332
11.312444
7.070681
8.426749
8.429269
14.172847
2.129576
8.002462
3.372254
7.825263
14.964833
6.362372
6.352825
3.244193
3.251054
10.582408
4.712311
6.199977
6.186085
7.710409
11.935587
13.406435
7.56568
7.555988
9.204388
9.013951
7.599852
4.668038
4.655492
10.471803
10.628001
10.907573
9.657097
7.030841
10.15047
13.142805
9.920443
16.939375
9.348172
6.136166
6.098935
7.52831
4.65559
8.967386
7.533637
10.469301
8.99236
4.675835
14.853258
10.340056
7.591562
6.077059
4.652892
6.35219
59.1348
263.852289
257.103553
230.403369
388.043448
359.867121
159.152276
22.270728
15.63151
16.9691
3.18149
8.865859
5.576506
11.260864
10.162593
8.738439
13.083173
4.558258
8.948491
5.066118
12.019704
9.006026
6.255488
6.216349
10.448944
7.62917
10.557871
5.187365
12.534974
9.695845
9.574747
11.002902
6.412901
6.165343
10.525237
4.652491
6.142945
6.116006
6.136524
7.641318
6.360428
59.254452
227.364549
205.71172
355.979374
485.641051
203.900045
984.845387
307.744609
311.423076
333.78163
73.876665
214.329677
31.452194
205.974915
25.092308
7.215869
16.313642
3.598443
10.72417
7.64612
3.283243
10.39965
13.396638
11.855285
6.169424
16.229658
7.582755
3.201956
12.101969
7.875111
5.227728
2.389658
3.899234
6.759104
5.172318
6.302138
13.309276
6.136619
7.650557
6.432623
12.2392
2.125494
5.066985
12.128463
4.828124
7.525863
8.985507
4.684398
12.011561
7.536668
11.899763
9.42751
39.203699
20.890664
32.63255
28.569799
29.661342
11.890167
7.986327
0.349506
7.529726
8.993836
4.653243
4.661372
7.5818
14.934358
20.1402
7.454503
15.698332
12.336874
12.316326
7.581363
7.474397
8.652675
14.879387
5.36587
7.162564
13.769546
8.502845
9.438048
7.829496
15.007215
3.26299
7.643408
15.287813
14.056256
6.432869
11.069511
6.541023
8.121608
9.19442
4.832825
15.855515
13.551003
13.889385
26.537717
33.049339
38.133885
20.676408
39.921051
40.368608
33.652855
25.196854
20.952293
15.901694
11.648016
7.874051
10.595763
9.002496
8.982514
18.245561
6.703454
74.526727
84.706525
137.753791
193.673911
349.338706
231.698932
147.085916
38.173283
12.061636
11.15574
11.466307
9.841158
9.627324
2.577113
9.255608
6.181801
7.539626
9.053354
6.142598
12.019829
9.070901
11.933161
7.535443
7.575183
10.457955
7.562716
3.239128
4.686707
13.270522
7.565258
10.734033
6.624658
7.668314
6.702531
8.165036
5.773202
14.389691
9.937435
9.740526
5.466464
3.826635
12.132698
5.874683
150.955613
281.417683
312.80003
343.042654
272.599516
413.908563
91.936207
18.248037
12.285811
9.134486
13.446581
10.497517
3.210695
14.724254
10.449135
16.339472
4.639624
19.284901
14.717792
6.099296
7.554466
3.227118
13.295843
16.30392
9.023688
11.139059
14.20461
9.917173
9.052679
7.673349
10.553368
14.230799
12.873361
10.519849
10.836745
7.663385
3.409697
6.246514
10.762023
9.296738
12.157417
3.57719
16.701076
12.139566
1.847147
6.181926
12.059137
9.112562
18.527405
5.512607
6.964473
10.86671
9.945125
8.394691
133.042102
141.760875
152.10354
271.000268
313.826933
364.354812
62.207369
99.588195
58.66813
188.032421
165.60402
420.622335
205.522677
141.195855
533.018266
77.797771
63.755887
33.884426
32.684043
14.138847
5.359709
8.120904
3.88283
18.721604
8.450121
6.901024
10.433585
7.412954
12.016414
8.773695
15.677485
10.99412
12.488006
14.14726
9.812608
9.730526
14.453324
35.067687
15.263783
25.405027
14.754331
21.117462
18.701767
12.212337
7.608388
7.515754
4.963566
9.142639
4.801195
3.455907
11.2039
2.137157
9.63616
9.491016
11.253594
3.631708
3.434153
10.495253
10.763659
6.098826
7.510903
7.509718
8.95447
10.435501
9.046847
7.529812
10.410183
10.479528
13.58511
7.718628
10.64405
9.159485
10.700552
7.49782
9.961257
5.048456
8.733796
56.379869
24.809317
7.106315
14.05323
11.080792
15.28388
14.973448
14.54356
5.521965
4.120317
15.375248
5.49468
12.729478
8.110714
17.267049
14.824747
13.067247
9.645227
28.154892
4.640117
7.700331
77.477093
6.078713
9.086332
14.888928
8.607916
17.382814
28.100719
14.820563
11.95943
16.436111
21.606753
18.605655
6.350949
16.292689
9.156384
8.965473
9.02978
4.702374
6.164693
9.19488
7.798095
3.448788
6.46848
8.048367
5.259834
8.029675
10.897671
12.349277
6.561284
9.312013
4.613836
6.390386
12.68106
12.61894
10.524074
18.6288
18.72223
6.387475
10.414475
14.548542
18.632137
10.507653
9.068733
14.485574
