1.025854
1.021139
0.721855
0.417721
1.94355
1.254441
1.236741
1.030534
1.336766
1.19824
1.916897
2.173236
2.118726
2.212395
2.16272
1.958053
2.226437
1.94577
2.017947
2.120845
1.884511
2.064362
2.094526
2.01783
2.154798
2.061023
2.230017
2.110215
1.860745
1.893959
2.228563
2.125386
2.05733
2.187675
2.195657
2.203406
2.0897
2.155993
2.026575
2.122701
2.153948
2.068621
2.045458
2.137935
2.159987
2.107634
2.08182
2.005525
2.218507
2.145681
2.199357
2.039449
2.119339
2.100544
2.129359
2.054512
1.942476
2.203471
1.845634
0.369207
3.369958
2.019292
2.16674
2.139274
2.066163
1.67154
2.510355
2.198142
2.114678
2.162913
2.157483
2.210052
2.167714
2.17705
2.236131
2.234892
2.152691
2.12205
2.029493
1.865311
2.10621
2.095377
2.119014
2.096077
2.064502
2.137077
2.018339
2.054619
2.181114
2.142788
2.258032
2.083995
2.009755
2.149087
2.254386
2.189385
2.188788
2.26488
2.105776
2.010238
2.143384
2.113028
2.126357
2.126002
2.339007
2.225045
2.095262
1.971142
2.096474
2.072153
2.187872
2.231835
2.183294
2.005477
2.050693
2.233692
2.165156
1.708733
2.157517
2.104497
2.034855
2.116835
2.186223
2.162626
2.16097
2.143986
2.140632
1.998286
2.133207
2.149743
2.227949
2.136528
2.058874
2.102189
2.163068
2.035379
2.174436
1.890638
2.146071
2.105584
2.142369
2.143855
2.107468
1.952705
2.227421
2.163479
2.083059
2.136226
2.092075
2.150473
2.191877
2.265267
1.970743
2.236403
2.17171
2.070328
2.024825
2.060338
2.021569
2.032515
2.076181
2.030615
2.15991
2.088319
2.003291
2.228591
2.153439
2.088869
2.089365
2.198256
2.10418
2.14682
2.139377
2.104443
2.165179
2.257472
1.998283
2.143638
2.113761
2.130818
2.137147
2.172444
2.115785
2.141297
2.127232
2.151227
1.98093
3.938591
2.450225
2.422596
2.281015
2.14667
2.307844
2.228389
2.266545
2.150609
2.289884
2.29071
2.214939
2.321354
2.206189
2.223705
2.16282
1.999672
2.054894
2.072652
2.117862
2.220591
1.679342
1.605832
2.519644
2.122076
2.114734
2.253736
2.150531
2.159971
2.199096
2.087211
2.105216
2.089206
2.159606
1.912927
2.092231
2.093286
2.046563
2.168653
2.33673
2.432658
3.008081
2.567809
2.364367
1.979877
2.418563
2.357467
2.371047
2.344675
2.374963
2.422689
2.615262
2.530486
2.228993
1.58281
2.43298
2.384983
2.393876
2.657458
2.633245
2.279398
2.387491
2.604725
1.583688
1.865865
2.502672
2.330955
0.273816
3.504643
2.288473
1.682624
1.486795
1.602137
2.359202
2.236323
2.189921
2.181574
2.100132
2.292427
2.112627
2.150363
1.276325
1.316346
2.18189
2.290275
2.18429
2.331186
2.098649
2.147883
2.153672
2.12908
2.102846
1.795019
2.134756
2.097288
2.086224
2.13754
2.137912
2.223924
2.121652
2.14753
2.151478
2.045825
2.043602
2.256024
2.144768
2.195074
2.280524
2.209737
2.225662
2.239655
2.174935
2.195131
2.189117
2.143471
2.175642
2.114992
2.10171
2.106715
2.056295
2.116036
1.986693
1.996051
2.167344
2.247864
2.212839
2.193528
2.078751
2.171268
2.165018
2.118764
2.377159
2.130135
2.132395
2.128145
2.149697
2.243897
2.349015
2.317551
2.290064
2.015989
2.022215
2.157917
2.096549
2.09347
2.080706
2.128533
2.045499
2.203847
2.297995
2.224002
2.179333
2.24545
2.107237
2.218255
2.19735
2.171639
2.009434
2.210958
2.761398
3.050464
2.159316
2.30357
2.239001
2.03327
2.178276
2.05995
1.816606
2.085335
2.159579
2.227242
2.084833
2.147701
2.064677
2.222745
2.270618
2.164083
2.030643
2.21662
2.160517
2.347257
2.117148
2.094054
2.204418
2.243685
2.165731
2.142086
1.749115
2.203005
2.051201
2.196758
2.084805
2.146244
2.105621
2.133236
2.212544
2.163718
1.942484
2.10891
2.193594
2.181113
2.042314
2.091804
2.055336
1.998924
2.065651
2.262767
2.059246
2.108619
2.048386
2.231399
2.0353
1.982529
2.022028
2.2535
2.256501
2.020105
2.24742
2.051269
2.199244
2.233872
2.03051
1.808444
1.805261
2.488608
2.194414
2.152978
1.955704
2.016986
2.191934
2.069696
1.983967
2.15244
2.273133
1.799619
2.05805
2.176826
2.175541
2.025015
2.242053
2.06576
2.214784
2.241635
1.881997
2.176566
2.131039
2.205987
2.203285
2.194988
2.107951
2.171095
2.233085
1.782691
2.254512
2.120757
2.1453
1.959472
2.004754
2.226874
2.08906
2.040601
2.07131
1.792348
2.127237
2.283277
2.212951
0.875804
2.128041
2.0853
1.971572
2.168225
2.19414
2.030098
2.084369
1.982464
2.106316
2.057875
2.064043
2.087251
1.947059
2.039304
2.06763
2.186497
2.083557
2.085989
2.203117
2.056057
2.15245
2.105815
2.022057
2.250256
2.06558
2.274588
2.046388
2.090671
2.124856
2.153625
2.231825
2.171241
1.588116
2.184741
2.136051
2.331191
2.177195
2.109649
2.073694
2.103842
1.679093
2.194115
2.273428
2.17092
2.026915
2.047171
1.995721
2.240517
2.005488
2.246228
1.984023
2.177093
2.334615
2.054677
2.194082
2.099974
2.042016
2.170508
2.093293
2.153948
1.750043
2.261799
2.031387
2.185575
2.099658
2.164879
2.163206
2.070315
1.978403
2.202409
1.780914
2.063654
2.208712
2.092882
2.175146
2.163654
2.177222
2.006668
2.199408
2.15741
1.913144
2.09604
2.122198
2.101095
2.067567
2.21225
2.136914
2.136687
2.147313
1.785386
1.997315
2.251988
2.160888
2.242279
1.960975
2.335705
2.217199
2.15731
2.000343
2.006421
1.983326
2.109478
2.074052
2.066779
2.205626
2.082365
2.224448
2.189492
2.189793
1.850907
2.14122
2.132922
2.220034
2.19741
2.036483
2.179817
2.265671
2.259719
2.236889
1.963503
2.085536
2.225814
2.233375
2.129678
2.237826
2.25285
2.327304
2.103268
2.11794
1.775637
1.882694
2.189627
2.188967
2.230797
2.135021
2.10706
2.116945
2.03502
2.231031
1.881437
2.042023
2.111906
1.994695
2.066408
2.169388
0.0
2.151032
2.2276
2.20351
1.968248
1.946394
2.185494
2.050308
2.205027
0.0
2.225809
2.171378
2.16279
2.079273
2.137261
1.904307
2.059027
1.985472
2.289089
2.164787
2.120806
2.219467
2.200956
2.073295
2.250713
2.030554
2.221077
1.826707
1.443195
2.45191
1.931902
2.03652
2.282616
2.14037
2.155669
1.88188
2.172116
2.046816
2.221
2.158925
2.209936
2.140974
2.201644
2.161101
2.233204
1.821075
2.115733
2.179313
2.137034
1.140116
1.502218
2.540652
1.710747
1.930402
2.246964
1.916683
2.29632
2.134314
2.11279
1.549191
0.0
0.038693
4.55717
2.311555
1.848912
1.744765
1.884317
2.031707
0.0
2.411501
1.009751
1.691522
4.880033
2.103758
1.724879
2.311501
2.35583
2.377516
2.271949
2.097634
2.247761
2.14946
2.126491
2.04407
0.0
2.193891
2.248781
2.233133
2.216752
1.829037
2.35393
2.002712
1.987271
2.170134
2.071277
2.248902
2.141415
2.25128
2.213666
2.258913
2.200583
2.196658
2.173142
0.0
1.813497
2.113484
