3.7675986655
13.7675986642
13.7675986655
13.7675986655
13.7675986655
13.7675986655
13.7675986655
41.3027959966
41.3027959966
41.3027959966
41.3027959966
41.3027959966
41.3027959966
96.3731906493
96.3731906493
96.3731906493
110.140789324
123.90838799
123.90838799
123.90838799
151.443585306
151.443585306
234.049177314
234.049177314
234.049177314
234.049177314
234.049177314
261.584374645
261.584374645
261.584374645
289.119571948
316.654769307
371.725163933
371.725163933
371.725163933
371.725163933
385.492762635
426.79555859
426.79555859
426.79555859
440.563157254
440.563157254
440.563157254
440.563157254
440.563157254
440.563157254
440.563157254
470.563157254
493.027959966
493.027959966
384.189966605
359.119571976
357.957565269
330.422367973
289.119571948
278.978782652
220.281578649
220.281578649
220.281578649
220.281578649
220.281578649
220.281578649
220.281578649
216.373190659
216.373190659
215.211183986
196.373190659
182.605591985
155.070394662
127.535197328
127.535197328
127.535197328
127.535197328
127.535197328
127.535197328
123.767598666
123.767598664
103.767598666
90.0
80.0
80.0
80.0
80.0
52.0
32.0
32.0
23.0
20.0
12.0
11.0
10.0
10.0
8.0
8.0
2.0
0.0
0.0
0.0
0.0
0.0
