10.25854
10.21139
7.21855
4.17721
19.4355
12.54441
12.36741
10.30534
13.36766
11.9824
19.16897
21.73236
21.18726
22.12395
21.6272
19.58053
22.26437
19.4577
20.17947
21.20845
18.84511
20.64362
20.94526
20.1783
21.54798
20.61023
22.30017
21.10215
18.60745
18.93959
22.28563
21.25386
20.5733
21.87675
21.95657
22.03406
20.897
21.55993
20.26575
21.22701
21.53948
20.68621
20.45458
21.37935
21.59987
21.07634
20.8182
20.05525
22.18507
21.45681
21.99357
20.39449
21.19339
21.00544
21.29359
20.54512
19.42476
22.03471
18.45634
3.69207
33.69958
20.19292
21.6674
21.39274
20.66163
16.7154
25.10355
21.98142
21.14678
21.62913
21.57483
22.10052
21.67714
21.7705
22.36131
22.34892
21.52691
21.2205
20.29493
18.65311
21.0621
20.95377
21.19014
20.96077
20.64502
21.37077
20.18339
20.54619
21.81114
21.42788
22.58032
20.83995
20.09755
21.49087
22.54386
21.89385
21.88788
22.6488
21.05776
20.10238
21.43384
21.13028
21.26357
23.39007
22.25045
20.95262
19.71142
20.96474
20.72153
21.87872
22.31835
21.83294
20.05477
20.50693
22.33692
21.65156
17.08733
21.57517
20.34855
21.16835
21.86223
21.62626
21.6097
21.43986
21.40632
19.98286
21.33207
21.49743
22.27949
21.36528
20.58874
21.02189
21.63068
20.35379
21.74436
18.90638
21.46071
21.05584
21.42369
21.43855
21.07468
19.52705
22.27421
21.63479
20.83059
21.36226
20.92075
21.50473
21.91877
22.65267
19.70743
22.36403
21.7171
20.70328
20.24825
20.60338
20.21569
20.32515
20.76181
20.30615
21.5991
20.88319
20.03291
22.28591
21.53439
20.88869
20.89365
21.98256
21.0418
21.4682
21.39377
21.04443
21.65179
22.57472
19.98283
21.43638
21.13761
21.30818
21.37147
21.72444
21.15785
21.41297
21.27232
21.51227
19.8093
39.38591
24.50225
24.22596
22.81015
21.4667
23.07844
22.28389
22.66545
21.50609
22.89884
22.9071
22.14939
23.21354
22.06189
22.23705
21.6282
19.99672
20.54894
20.72652
21.17862
22.20591
16.79342
16.05832
25.19644
21.22076
21.14734
22.53736
21.50531
21.59971
21.99096
20.87211
21.05216
20.89206
21.59606
19.12927
20.92231
20.93286
20.46563
21.68653
23.3673
24.32658
30.08081
25.67809
23.64367
19.79877
24.18563
23.57467
23.71047
23.44675
23.74963
24.22689
26.15262
25.30486
22.28993
15.8281
24.3298
23.84983
23.93876
26.57458
26.33245
22.79398
23.87491
26.04725
15.83688
18.65865
25.02672
23.30955
2.73816
35.04643
22.88473
16.82624
14.86795
16.02137
23.59202
22.36323
21.89921
21.81574
21.00132
22.92427
21.12627
21.50363
12.76325
13.16346
21.8189
22.90275
21.8429
23.31186
20.98649
21.47883
21.53672
21.2908
21.02846
17.95019
21.34756
20.97288
20.86224
21.3754
21.37912
22.23924
21.21652
21.4753
21.51478
20.45825
20.43602
22.56024
21.44768
21.95074
22.80524
22.09737
22.25662
22.39655
21.74935
21.95131
21.89117
21.43471
21.75642
21.14992
21.0171
21.06715
20.56295
21.16036
19.86693
19.96051
21.67344
22.47864
22.12839
21.93528
20.78751
21.71268
21.65018
21.18764
23.77159
21.30135
21.32395
21.28145
21.49697
22.43897
23.49015
23.17551
22.90064
20.15989
20.22215
21.57917
20.96549
20.9347
20.80706
21.28533
20.45499
22.03847
22.97995
22.24002
21.79333
22.4545
21.07237
22.18255
21.9735
21.71639
20.09434
22.10958
27.61398
30.50464
21.59316
23.0357
22.39001
20.3327
21.78276
20.5995
18.16606
20.85335
21.59579
22.27242
20.84833
21.47701
20.64677
22.22745
22.70618
21.64083
20.30643
22.1662
21.60517
23.47257
21.17148
20.94054
22.04418
22.43685
21.65731
21.42086
17.49115
22.03005
20.51201
21.96758
20.84805
21.46244
21.05621
21.33236
22.12544
21.63718
19.42484
21.0891
21.93594
21.81113
20.42314
20.91804
20.55336
19.98924
20.65651
22.62767
20.59246
21.08619
20.48386
22.31399
20.353
19.82529
20.22028
22.535
22.56501
20.20105
22.4742
20.51269
21.99244
22.33872
20.3051
18.08444
18.05261
24.88608
21.94414
21.52978
19.55704
20.16986
21.91934
20.69696
19.83967
21.5244
22.73133
17.99619
20.5805
21.76826
21.75541
20.25015
22.42053
20.6576
22.14784
22.41635
18.81997
21.76566
21.31039
22.05987
22.03285
21.94988
21.07951
21.71095
22.33085
17.82691
22.54512
21.20757
21.453
19.59472
20.04754
22.26874
20.8906
20.40601
20.7131
17.92348
21.27237
22.83277
22.12951
8.75804
21.28041
20.853
19.71572
21.68225
21.9414
20.30098
20.84369
19.82464
21.06316
20.57875
20.64043
20.87251
19.47059
20.39304
20.6763
21.86497
20.83557
20.85989
22.03117
20.56057
21.5245
21.05815
20.22057
22.50256
20.6558
22.74588
20.46388
20.90671
21.24856
21.53625
22.31825
21.71241
15.88116
21.84741
21.36051
23.31191
21.77195
21.09649
20.73694
21.03842
16.79093
21.94115
22.73428
21.7092
20.26915
20.47171
19.95721
22.40517
20.05488
22.46228
19.84023
21.77093
23.34615
20.54677
21.94082
20.99974
20.42016
21.70508
20.93293
21.53948
17.50043
22.61799
20.31387
21.85575
20.99658
21.64879
21.63206
20.70315
19.78403
22.02409
17.80914
20.63654
22.08712
20.92882
21.75146
21.63654
21.77222
20.06668
21.99408
21.5741
19.13144
20.9604
21.22198
21.01095
20.67567
22.1225
21.36914
21.36687
21.47313
17.85386
19.97315
22.51988
21.60888
22.42279
19.60975
23.35705
22.17199
21.5731
20.00343
20.06421
19.83326
21.09478
20.74052
20.66779
22.05626
20.82365
22.24448
21.89492
21.89793
18.50907
21.4122
21.32922
22.20034
21.9741
20.36483
21.79817
22.65671
22.59719
22.36889
19.63503
20.85536
22.25814
22.33375
21.29678
22.37826
22.5285
23.27304
21.03268
21.1794
17.75637
18.82694
21.89627
21.88967
22.30797
21.35021
21.0706
21.16945
20.3502
22.31031
18.81437
20.42023
21.11906
19.94695
20.66408
21.69388
0.0
21.51032
22.276
22.0351
19.68248
19.46394
21.85494
20.50308
22.05027
0.0
22.25809
21.71378
21.6279
20.79273
21.37261
19.04307
20.59027
19.85472
22.89089
21.64787
21.20806
22.19467
22.00956
20.73295
22.50713
20.30554
22.21077
18.26707
14.43195
24.5191
19.31902
20.3652
22.82616
21.4037
21.55669
18.8188
21.72116
20.46816
22.21
21.58925
22.09936
21.40974
22.01644
21.61101
22.33204
18.21075
21.15733
21.79313
21.37034
11.40116
15.02218
25.40652
17.10747
19.30402
22.46964
19.16683
22.9632
21.34314
21.1279
15.49191
0.0
0.38693
45.5717
23.11555
18.48912
17.44765
18.84317
20.31707
0.0
24.11501
10.09751
16.91522
48.80033
21.03758
17.24879
23.11501
23.5583
23.77516
22.71949
20.97634
22.47761
21.4946
21.26491
20.4407
0.0
21.93891
22.48781
22.33133
22.16752
18.29037
23.5393
20.02712
19.87271
21.70134
20.71277
22.48902
21.41415
22.5128
22.13666
22.58913
22.00583
21.96658
21.73142
0.0
18.13497
21.13484
20.66732
22.44796
18.2147
21.50366
21.88361
20.61052
21.16656
20.33284
19.39801
0.0
21.95823
20.43567
20.66841
22.17659
21.97147
21.48612
22.78213
21.83564
20.36363
0.0
21.8905
22.4216
21.09912
22.35193
21.207
0.0
0.0
22.40213
16.17551
21.86923
22.23281
21.80478
22.1123
22.27961
21.41395
22.78789
1.89553
