0.525487
0.515126
0.376038
0.389467
0.480431
0.438012
0.353391
0.526285
0.491296
0.275137
0.897812
0.508459
0.643501
0.593801
0.076157
0.043121
0.10785
0.120197
0.076861
0.610295
0.48331
0.510966
0.481599
0.466558
0.425235
0.255687
0.302428
0.292293
0.479878
0.484856
0.500061
0.403139
0.51335
0.52039
0.336579
0.534216
0.491461
0.311966
0.470122
0.478735
0.499443
0.517545
0.346192
0.443514
0.501741
0.513204
0.464281
0.404671
0.468584
0.501758
0.403707
0.313313
0.493433
0.552646
0.561553
0.529078
0.541311
0.499604
0.614367
0.636072
0.704311
0.675975
0.797424
0.667529
0.67078
2.659244
0.977794
0.73363
0.737028
0.545638
0.519092
0.646736
0.268704
1.280384
0.523964
0.438536
2.44373
2.679508
0.409357
0.25942
0.347327
0.46954
0.436169
0.504227
0.506142
0.536408
0.399223
0.260325
0.244817
0.314202
0.293969
0.262742
0.274199
0.327376
0.539765
0.518417
0.410924
0.266825
0.338931
0.396765
2.295535
0.355026
5.091017
6.451023
0.433184
3.553451
10.135884
2.510565
0.263904
1.148692
0.483927
0.54592
0.419724
0.336908
0.222529
0.276911
0.35704
0.360855
0.274057
0.333652
0.262701
0.320642
0.38373
0.331238
0.518633
0.373549
0.302348
0.379319
0.533789
0.527311
0.316855
0.491607
0.534814
0.427696
0.516785
0.466422
0.548536
0.557782
0.534599
0.529493
0.463614
0.504828
0.519981
0.258891
0.076278
0.467151
0.278084
0.32257
0.417606
0.259527
0.319143
0.287634
0.214738
0.348383
0.249885
0.281854
0.465341
0.454768
0.320109
0.201988
0.375124
0.194421
0.299746
0.774417
0.671341
0.581585
0.703192
0.656005
0.683414
0.621757
0.682996
0.716678
0.535822
0.443479
0.357634
0.564935
0.255692
0.249638
0.503991
0.50598
0.48171
0.397527
0.311272
0.356955
0.465979
0.41088
0.306137
0.376305
0.275652
0.375375
0.449614
0.324328
0.263819
0.257253
0.470595
0.544345
0.476409
0.534562
0.497967
0.526813
0.481102
0.535782
0.531808
0.406068
0.497767
0.34662
0.256031
0.261582
0.369096
0.523833
0.480012
0.263785
0.34782
0.502975
0.560516
0.256368
0.384661
0.341761
0.621625
0.575645
0.515504
0.360973
0.501879
0.326502
0.321873
0.265328
0.320768
0.328329
0.249393
0.323526
0.293179
0.465619
0.346341
0.254958
0.509621
0.361543
0.245744
0.277292
0.327564
0.345865
0.281482
0.259265
0.306156
0.345682
0.310217
0.3342
0.470774
0.287303
0.270786
0.38012
0.321232
0.32888
0.236324
0.27453
0.529154
0.671898
0.573973
0.592366
0.555519
0.729804
0.605848
0.640168
0.582207
0.31213
0.245297
0.430688
0.357262
0.328237
0.432495
0.278672
0.443948
0.338036
0.234844
0.455744
0.47575
0.319527
0.257217
0.253319
0.288586
0.317724
0.279597
0.261327
0.141858
0.362566
0.344348
0.520675
0.625174
0.621051
0.629533
0.358302
0.317529
0.432872
0.514842
0.627276
0.628856
0.623471
0.614171
0.636461
0.500115
0.502378
0.319593
0.618461
0.636846
0.624575
0.507379
0.639053
0.499206
0.560799
0.641318
0.318665
0.501485
0.439145
0.594965
0.537972
0.614638
0.627103
0.62694
0.609422
0.595622
0.521549
0.61068
0.599379
0.542339
0.602003
0.554159
0.469617
0.432675
0.315586
0.426326
0.40297
0.63082
0.441378
0.330988
0.284342
0.623199
0.554443
0.345452
0.592587
0.585039
0.586826
0.598342
0.601995
0.615578
0.609202
0.458218
0.541433
0.488044
0.601872
0.546744
0.612458
0.617008
0.593932
0.599629
0.583948
0.55083
0.611574
0.552805
0.571839
0.515841
0.398815
0.591378
0.60109
0.601461
0.622846
0.59665
0.56016
0.61059
0.551067
0.624382
0.548997
0.40823
1.365934
0.746597
0.672339
0.469041
0.498081
0.345285
0.348375
0.36241
0.419282
0.23649
0.043601
0.008993
0.167537
0.185853
0.228345
0.27739
0.295652
0.358955
0.638755
0.560347
0.636862
0.610799
0.706088
0.639775
0.668734
0.774297
0.542273
0.538236
0.562425
0.361515
0.29436
0.731131
0.469628
0.334852
0.261838
0.408215
0.433973
0.356025
0.491528
0.389384
0.311539
0.369254
0.282157
0.382663
0.518409
0.420199
0.111968
0.084875
0.437535
0.181057
0.383103
0.177951
0.185633
0.395446
0.452308
0.477314
0.313665
0.359914
0.283464
0.319438
0.369141
0.450562
0.386011
0.393567
0.355003
0.487311
0.455306
0.248695
0.386995
0.499153
0.417048
0.436412
0.497496
0.506839
0.522474
0.494023
0.440809
0.362386
0.485572
0.483868
0.470774
0.461826
0.507948
0.516498
0.407832
0.519666
0.400365
0.188118
0.419818
0.300732
0.242738
0.338667
0.526282
0.420126
0.382243
0.520808
0.484895
0.512543
0.439057
0.451883
0.505566
0.511212
0.395026
0.419615
0.697395
0.727288
0.638345
0.709113
0.694657
0.640342
0.724436
0.746422
0.732614
0.600991
0.425331
0.32726
0.461398
0.445546
0.390039
0.34778
1.890692
0.750767
0.512341
2.760559
0.416184
0.341161
0.374289
0.516144
0.52494
0.411105
0.245938
0.995975
0.611517
0.276297
0.349517
0.306065
0.291117
0.318351
0.272043
0.276847
0.282255
0.259312
0.281493
0.461983
0.483719
0.38193
0.461024
0.467915
0.509547
0.444918
0.378786
0.454703
0.309948
0.549864
0.515698
0.372348
0.381941
0.417866
0.443724
0.283779
0.241268
0.252627
0.245571
0.246683
0.273655
0.377983
0.500538
0.516197
0.429924
0.487443
0.516726
0.530827
0.504759
0.555806
0.45383
0.375395
0.454666
0.527544
0.541508
0.528867
0.514586
0.486755
0.493309
0.478088
0.516749
0.256565
0.302055
0.509187
0.427647
0.45245
0.44116
0.416119
0.367096
0.527312
0.542877
0.493416
0.61794
0.671318
0.58894
0.639313
0.657035
0.559748
0.615726
0.580165
0.571836
0.612959
0.723204
0.321056
0.321077
0.305692
0.263703
0.481339
0.300672
0.366855
0.73549
0.249812
0.253952
0.34553
0.529847
0.464515
0.288783
0.286175
0.450784
0.520701
0.525086
0.56012
0.427339
0.474346
0.498991
0.329777
0.410836
