15.478859
3.348428
9.473658
14.514993
10.551457
10.494904
9.532503
16.097861
14.758669
17.703002
22.609063
31.394488
23.2568
12.168565
10.485367
9.508275
10.446114
7.456825
5.372521
11.584336
5.393234
10.642456
16.594114
18.001946
10.162741
6.764433
12.538564
14.590545
14.437749
11.597431
11.488513
9.540886
13.441517
15.569742
12.702801
5.554384
11.741791
7.543386
11.574272
11.6355
12.410041
13.479068
9.609907
12.674717
14.524859
12.462648
9.243372
15.624029
13.761735
13.001442
10.689085
14.656405
10.633219
14.10164
14.699243
13.84005
12.721186
8.6734
9.511393
17.673469
9.565819
34.457544
16.687488
