10.570154
10.866983
16.794693
16.427145
9.488757
16.618642
9.531652
10.458366
8.45939
11.565708
12.648968
12.654584
8.417554
6.503661
13.453854
16.680733
14.53928
11.631197
6.441517
16.699984
21.830681
11.680831
6.49633
20.743131
6.526365
8.497066
11.636235
11.519492
11.542984
17.600273
10.55256
9.583604
6.675961
8.474103
9.482898
11.484372
8.438518
12.455581
12.588372
10.643158
5.417591
11.634658
13.590832
12.647701
15.819501
9.567318
16.493721
22.255346
9.502615
13.616686
12.653291
11.664625
8.516618
12.548512
11.522389
7.54475
10.627391
7.656726
6.771963
11.767942
10.679018
16.764409
16.932277
15.738185
17.855297
10.515534
14.521256
10.60444
7.454083
13.527867
16.660752
15.455515
12.6619
14.658924
16.971255
14.559884
19.869756
22.279066
12.719228
15.766242
16.762475
