0.0,0.0,1,1,34
1.0,0.0,1,1,38
2.0,0.0,1,1,11
3.0,0.0,1,1,47
4.0,0.0,1,1,45
5.0,0.0,1,1,22
6.0,0.0,1,1,29
7.0,0.0,1,1,31
8.0,0.0,1,1,33
9.0,0.0,1,1,34
10.0,267.828587647,1,1,41
11.0,535.934020294,1,1,33
12.0,803.81698951,1,1,21
13.0,803.81698951,1,1,11
14.0,803.81698951,1,1,31
15.0,803.81698951,1,1,50
16.0,803.81698951,1,1,49
17.0,803.81698951,1,1,5
18.0,803.81698951,1,1,46
19.0,803.81698951,1,1,26
20.0,1071.47438302,1,1,45
21.0,1338.92672864,1,1,50
22.0,1606.05401274,1,1,25
23.0,1606.05401274,1,1,35
24.0,1606.05401274,1,1,6
25.0,1606.05401274,1,1,35
26.0,1606.05401274,1,1,28
27.0,1606.05401274,1,1,7
28.0,1606.05401274,1,1,31
29.0,1606.05401274,1,1,44
30.0,1873.71062356,1,1,46
31.0,2140.42249597,2,1,40
32.0,2408.52024452,2,1,50
33.0,2408.52024452,2,1,18
34.0,2408.52024452,2,1,35
35.0,2408.52024452,2,1,5
36.0,2408.52024452,2,1,23
37.0,2408.52024452,2,1,15
38.0,2408.52024452,2,1,10
39.0,2408.52024452,2,1,21
40.0,2676.2140701,2,1,47
41.0,2944.7774117,2,1,40
42.0,3212.90167469,3,1,44
43.0,3212.90167469,3,1,25
44.0,3212.90167469,3,1,41
45.0,3212.90167469,3,1,46
46.0,3212.90167469,3,1,35
47.0,3212.90167469,3,1,43
48.0,3212.90167469,3,1,24
49.0,3212.90167469,3,1,41
50.0,3480.65558706,3,1,46
51.0,3748.45972775,3,1,22
52.0,4016.95646576,4,1,21
53.0,4016.95646576,4,1,22
54.0,4016.95646576,4,1,30
55.0,4016.95646576,4,1,50
56.0,4016.95646576,4,1,21
57.0,4016.95646576,4,1,6
58.0,4016.95646576,4,1,40
59.0,4016.95646576,4,1,7
60.0,4285.44647099,4,1,44
61.0,4553.79698786,4,1,14
62.0,4821.42243897,4,1,22
63.0,4821.42243897,5,1,39
64.0,4821.42243897,5,1,17
65.0,4821.42243897,5,1,27
66.0,4821.42243897,5,1,12
67.0,4821.42243897,5,1,18
68.0,4821.42243897,5,1,15
69.0,4821.42243897,5,1,14
70.0,5090.08627516,5,1,37
71.0,5358.66938704,5,1,14
72.0,5625.85448648,5,1,42
73.0,5625.85448648,5,1,28
74.0,5625.85448648,5,1,15
75.0,5625.85448648,6,1,31
76.0,5625.85448648,6,1,20
77.0,5625.85448648,6,1,47
78.0,5625.85448648,6,1,15
79.0,5625.85448648,6,1,5
80.0,5894.46155233,6,1,30
81.0,6161.2179021,6,1,24
82.0,6429.510517,6,1,19
83.0,6429.510517,6,1,35
84.0,6429.510517,6,1,26
85.0,6429.510517,6,1,41
86.0,6429.510517,6,1,28
87.0,6429.510517,7,2,27
88.0,6429.510517,7,2,43
89.0,6429.510517,7,2,7
90.0,6696.25641511,7,2,44
91.0,6964.84672352,7,2,50
92.0,7233.04538574,7,2,7
93.0,7233.04538574,7,2,38
94.0,7233.04538574,7,2,28
95.0,7233.04538574,7,2,25
96.0,7233.04538574,7,2,13
97.0,7233.04538574,7,2,15
98.0,7233.04538574,7,2,23
99.0,7233.04538574,7,2,32
100.0,7501.07302325,7,2,18
101.0,7769.64928114,7,2,49
102.0,8038.14301861,8,2,21
103.0,8038.14301861,8,2,8
104.0,8038.14301861,8,2,30
105.0,8038.14301861,8,2,44
106.0,8038.14301861,8,2,10
107.0,8038.14301861,8,2,9
108.0,8038.14301861,8,2,35
109.0,8038.14301861,8,2,33
110.0,8305.24222067,8,2,22
111.0,8573.70955312,8,2,5
112.0,8840.80146403,8,2,19
113.0,8840.80146403,8,2,38
114.0,8840.80146403,8,2,18
115.0,8840.80146403,8,2,27
116.0,8840.80146403,8,2,9
117.0,8840.80146403,8,2,7
118.0,8840.80146403,8,2,22
119.0,8840.80146403,9,2,48
120.0,9108.55540066,9,2,29
121.0,9376.10354454,9,2,34
122.0,9643.19327893,9,2,43
123.0,9643.19327893,9,2,30
124.0,9643.19327893,9,2,48
125.0,9643.19327893,9,2,9
126.0,9643.19327893,9,2,15
127.0,9643.19327893,9,2,37
128.0,9643.19327893,9,2,9
129.0,9643.19327893,10,2,16
130.0,9910.98725232,10,2,48
131.0,10179.247514,10,2,5
132.0,10447.6854384,10,2,23
133.0,10447.6854384,10,2,38
134.0,10447.6854384,10,2,13
135.0,10447.6854384,10,2,14
136.0,10447.6854384,10,2,20
137.0,10447.6854384,10,2,39
138.0,10447.6854384,10,2,43
139.0,10447.6854384,10,2,27
140.0,10714.9704198,10,2,17
141.0,10983.1922055,10,2,50
142.0,11250.5126092,10,2,23
143.0,11250.5126092,10,2,38
144.0,11250.5126092,10,2,25
145.0,11250.5126092,10,2,39
146.0,11250.5126092,10,2,14
147.0,11250.5126092,10,2,28
148.0,11250.5126092,10,2,38
149.0,11250.5126092,10,2,6
150.0,10983.8459425,10,2,28
151.0,10717.1792758,10,2,47
152.0,10450.5126092,9,2,31
153.0,10450.5126092,9,2,19
154.0,10450.5126092,9,2,49
155.0,10450.5126092,9,2,44
156.0,10450.5126092,9,2,48
157.0,10450.5126092,9,2,34
158.0,10450.5126092,9,2,13
159.0,10450.5126092,9,2,14
160.0,10183.8459425,9,2,49
161.0,9917.17927584,9,2,17
162.0,9650.51260918,9,2,47
163.0,9650.51260918,9,2,12
164.0,9650.51260918,9,2,22
165.0,9650.51260918,9,2,45
166.0,9650.51260918,9,2,17
167.0,9650.51260918,9,2,10
168.0,9650.51260918,9,2,41
169.0,9650.51260918,9,2,47
170.0,9383.84594251,9,2,39
171.0,9117.17927584,9,2,34
172.0,8850.51260918,9,2,48
173.0,8850.51260918,9,2,5
174.0,8850.51260918,9,2,34
175.0,8850.51260918,9,2,36
176.0,8850.51260918,8,2,22
177.0,8850.51260918,8,2,38
178.0,8850.51260918,8,2,31
179.0,8850.51260918,8,2,29
180.0,8583.84594251,8,2,6
181.0,8317.17927584,8,2,11
182.0,8050.51260918,8,2,5
183.0,8050.51260918,8,2,26
184.0,8050.51260918,8,2,45
185.0,8050.51260918,8,2,9
186.0,8050.51260918,8,2,49
187.0,8050.51260918,8,2,44
188.0,8050.51260918,8,2,41
189.0,8050.51260918,8,2,43
190.0,7783.84594251,8,2,8
191.0,7517.17927584,7,2,16
192.0,7250.51260918,7,2,26
193.0,7250.51260918,7,2,18
194.0,7250.51260918,7,2,35
195.0,7250.51260918,7,2,8
196.0,7250.51260918,7,2,48
197.0,7250.51260918,7,2,24
198.0,7250.51260918,7,2,33
199.0,7250.51260918,7,2,5
200.0,6983.84594251,7,2,33
201.0,6717.17927584,7,2,15
202.0,6450.51260918,7,2,16
203.0,6450.51260918,7,2,22
204.0,6450.51260918,7,2,5
205.0,6450.51260918,7,2,14
206.0,6450.51260918,6,2,21
207.0,6450.51260918,6,2,34
208.0,6450.51260918,6,2,34
209.0,6450.51260918,6,2,13
210.0,6183.84594251,6,2,29
211.0,5917.17927584,6,2,26
212.0,5650.51260918,6,2,13
213.0,5650.51260918,6,2,12
214.0,5650.51260918,6,2,33
215.0,5650.51260918,6,2,42
216.0,5650.51260918,6,2,10
217.0,5650.51260918,6,2,48
218.0,5650.51260918,6,2,32
219.0,5650.51260918,6,2,42
220.0,5383.84594251,6,2,49
221.0,5117.17927584,6,2,35
222.0,4850.51260918,6,2,37
223.0,4850.51260918,5,2,35
224.0,4850.51260918,5,2,41
225.0,4850.51260918,5,2,8
226.0,4850.51260918,5,2,25
227.0,4850.51260918,5,2,28
228.0,4850.51260918,5,2,34
229.0,4850.51260918,5,2,27
230.0,4583.84594251,5,2,45
231.0,4317.17927584,5,2,6
232.0,4050.51260918,5,2,28
233.0,4050.51260918,5,2,13
234.0,4050.51260918,5,2,38
235.0,4050.51260918,5,2,48
236.0,4050.51260918,5,2,36
237.0,4050.51260918,5,2,12
238.0,4050.51260918,5,2,16
239.0,4050.51260918,5,2,11
240.0,3783.84594251,5,2,12
241.0,3517.17927584,5,2,18
242.0,3250.51260918,4,2,47
243.0,3250.51260918,4,2,13
244.0,3250.51260918,4,2,28
245.0,3250.51260918,4,2,23
246.0,3250.51260918,4,2,49
247.0,3250.51260918,4,2,23
248.0,3250.51260918,4,2,13
249.0,3250.51260918,4,2,47
250.0,2983.84594251,4,2,24
251.0,2717.17927584,4,2,33
252.0,2450.51260918,4,2,16
253.0,2450.51260918,4,2,36
254.0,2450.51260918,4,2,8
255.0,2450.51260918,4,2,34
256.0,2450.51260918,4,2,8
257.0,2450.51260918,4,2,18
258.0,2450.51260918,3,2,10
259.0,2450.51260918,3,2,30
260.0,2183.84594251,3,2,40
261.0,1917.17927584,3,2,31
262.0,1650.51260918,3,2,48
263.0,1650.51260918,3,2,31
264.0,1650.51260918,3,2,44
265.0,1650.51260918,3,2,36
266.0,1650.51260918,3,2,10
267.0,1650.51260918,3,2,29
268.0,1650.51260918,3,2,43
269.0,1650.51260918,3,2,20
270.0,1383.84594251,3,2,26
271.0,1117.17927584,3,2,39
272.0,850.512609176,3,2,38
273.0,850.512609176,3,2,37
274.0,850.512609176,3,2,6
275.0,850.512609176,3,2,49
276.0,850.512609176,3,2,16
277.0,850.512609176,3,2,17
278.0,850.512609176,2,2,44
279.0,850.512609176,2,2,17
280.0,583.84594251,2,2,32
281.0,317.179275843,2,2,45
282.0,50.5126091763,2,2,18
283.0,50.5126091763,2,2,14
284.0,50.5126091763,2,2,14
285.0,50.5126091763,2,2,11
286.0,50.5126091763,2,2,37
287.0,50.5126091763,2,2,31
288.0,50.5126091763,2,2,47
289.0,50.5126091763,2,2,16
290.0,0.0,2,2,28
291.0,0.0,2,2,31
292.0,0.0,2,2,26
293.0,0.0,1,1,48
294.0,0.0,1,1,25
295.0,0.0,1,1,13
296.0,0.0,1,1,43
297.0,0.0,1,1,24
298.0,0.0,1,1,18
299.0,0.0,1,1,44
300.0,0.0,1,1,12
301.0,0.0,1,1,13
302.0,0.0,1,1,42
303.0,0.0,1,1,50
304.0,0.0,1,1,39
305.0,0.0,1,1,33
306.0,0.0,1,1,13
307.0,0.0,1,1,12
308.0,0.0,1,1,38
309.0,0.0,1,1,37
310.0,0.0,1,1,22
311.0,0.0,0,1,25
312.0,0.0,0,1,29
313.0,0.0,0,1,39
314.0,0.0,0,1,5
315.0,0.0,0,1,19
316.0,0.0,0,1,35
317.0,0.0,0,1,44
318.0,0.0,0,1,25
319.0,0.0,0,1,33
320.0,0.0,0,1,17
321.0,0.0,0,1,30
322.0,0.0,0,1,45
323.0,0.0,0,1,15
324.0,0.0,0,1,33
325.0,0.0,0,1,50
326.0,0.0,0,1,42
327.0,0.0,0,1,34
328.0,0.0,0,1,6
329.0,0.0,0,1,8
330.0,0.0,0,1,40
331.0,0.0,0,1,16
332.0,0.0,0,1,32
333.0,0.0,0,1,30
334.0,0.0,0,1,17
335.0,0.0,0,1,35
336.0,0.0,0,1,38
337.0,0.0,0,1,16
338.0,0.0,0,1,33
339.0,0.0,0,1,48
340.0,0.0,0,1,33
341.0,0.0,0,1,44
342.0,0.0,0,1,17
343.0,0.0,0,1,26
344.0,0.0,0,1,7
345.0,0.0,0,1,21
346.0,0.0,0,1,50
347.0,0.0,0,1,13
348.0,0.0,0,1,33
349.0,0.0,0,1,9
350.0,0.0,0,1,7
351.0,0.0,0,1,17
352.0,0.0,0,1,18
353.0,0.0,0,1,15
354.0,0.0,0,1,46
355.0,0.0,0,1,7
356.0,0.0,0,1,15
357.0,0.0,0,1,42
358.0,0.0,0,1,26
359.0,0.0,0,1,50
360.0,0.0,0,1,30
361.0,0.0,0,1,18
362.0,0.0,0,1,21
363.0,0.0,0,1,15
364.0,0.0,0,1,16
365.0,0.0,0,1,34
366.0,0.0,0,1,6
367.0,0.0,0,1,36
368.0,0.0,0,1,40
369.0,0.0,0,1,9
370.0,0.0,0,1,45
371.0,0.0,0,1,17
372.0,0.0,0,1,42
373.0,0.0,0,1,10
374.0,0.0,0,1,6
375.0,0.0,0,1,18
376.0,0.0,0,1,41
377.0,0.0,0,1,31
378.0,0.0,0,1,6
379.0,0.0,0,1,44
380.0,0.0,0,1,44
381.0,0.0,0,1,31
382.0,0.0,0,1,29
383.0,0.0,0,0,13
384.0,0.0,0,0,10
385.0,0.0,0,0,17
386.0,0.0,0,0,34
387.0,0.0,0,0,31
388.0,0.0,0,0,33
389.0,0.0,0,0,41
390.0,0.0,0,0,23
391.0,0.0,0,0,6
392.0,0.0,0,0,34
393.0,0.0,0,0,40
394.0,0.0,0,0,38
395.0,0.0,0,0,37
396.0,0.0,0,0,32
397.0,0.0,0,0,8
398.0,0.0,0,0,27
399.0,0.0,0,0,37
