0.000000
0.000000
0.000000
0.000000
0.000000
0.000000
0.000000
0.000000
0.000000
0.000000
0.000000
0.000000
0.000000
0.000000
0.000000
0.000000
0.000000
0.000000
0.000000
0.000000
0.000000
0.000000
0.000000
0.000000
0.000000
0.000000
0.000000
0.000000
0.000000
0.000000
0.000000
0.000000
0.000000
0.000000
0.000000
0.000000
0.000000
0.000000
0.000000
0.000000
0.000000
0.000000
0.000000
0.000000
0.000000
0.000000
0.000000
0.000000
0.000000
0.000000
0.000000
0.000000
0.000000
0.000000
0.000000
0.000000
0.000000
0.000000
0.000000
0.000000
0.000000
0.000000
0.000000
0.000000
0.000000
0.000000
0.000000
0.000000
0.000000
0.000000
0.000000
0.000000
0.000000
0.000000
0.000000
0.000000
0.000000
0.000000
0.000000
0.000000
0.000000
0.000000
0.000000
0.000000
0.000000
0.000000
0.000000
0.000000
0.000000
0.000000
0.000000
0.000000
0.000000
0.000000
0.000000
0.000000
0.000000
0.000000
0.000000
0.000000
0.000000
0.000000
0.000000
0.000000
0.000000
0.000000
0.000000
0.000000
0.000000
0.000000
0.000000
0.000000
0.000000
0.000000
0.000000
0.000000
0.000000
0.000000
0.000000
0.000000
0.000000
0.000000
0.000000
0.000000
0.000000
0.000000
0.000000
0.000000
0.000000
0.000000
0.000000
0.000000
0.000000
0.000000
0.000000
0.000000
0.000000
0.000000
0.000000
0.000000
0.000000
0.000000
0.000000
0.000000
0.000000
0.000000
0.000000
0.000000
0.000000
0.000000
0.000000
0.457000
0.502000
0.539000
0.572000
0.582000
0.587000
0.606000
0.608000
0.615000
0.628000
0.630000
0.631000
0.632000
0.636000
0.641000
0.655000
0.656000
0.669000
0.672000
0.679000
0.696000
0.699000
0.702000
0.708000
0.710000
0.735000
0.739000
0.744000
0.747000
0.753000
0.767000
0.768000
0.775000
0.776000
0.781000
0.794000
0.808000
0.811000
0.814000
0.821000
0.846000
0.853000
0.867000
0.886000
0.909000
0.911000
0.918000
0.930000
0.968000
0.986000
1.003000
1.056000
1.096000
1.109000
1.109000
1.133000
1.133000
1.146000
1.151000
1.151000
1.166000
1.180000
1.229000
1.266000
1.267000
1.272000
1.286000
1.294000
1.317000
1.343000
1.347000
1.351000
1.354000
1.361000
1.363000
1.370000
1.372000
1.379000
1.395000
1.397000
1.401000
1.406000
1.432000
1.444000
1.460000
1.469000
1.482000
1.483000
1.485000
1.486000
1.502000
1.533000
1.533000
1.546000
1.579000
1.602000
1.611000
1.629000
1.645000
1.684000
1.701000
1.720000
1.722000
1.747000
1.753000
1.778000
1.792000
1.812000
1.834000
1.841000
1.846000
1.871000
1.875000
1.910000
1.923000
1.946000
1.949000
1.981000
2.136000
2.227000
2.266000
2.343000
2.373000
2.381000
2.412000
2.415000
2.488000
2.533000
2.607000
2.613000
2.718000
2.731000
2.890000
2.899000
2.906000
2.975000
3.143000
3.146000
3.159000
3.173000
3.216000
3.259000
3.274000
3.286000
3.288000
3.293000
3.312000
3.323000
3.332000
3.402000
3.444000
3.469000
3.545000
3.602000
3.907000
3.907000
3.962000
3.973000
3.979000
3.981000
3.982000
3.984000
3.998000
4.015000
4.031000
4.032000
4.126000
4.134000
4.232000
4.240000
4.253000
4.318000
4.326000
4.378000
4.390000
4.472000
4.473000
4.505000
4.507000
4.541000
4.619000
4.635000
4.636000
4.696000
4.877000
4.950000
4.967000
4.992000
4.996000
5.029000
5.039000
5.055000
5.055000
5.091000
5.116000
5.123000
5.153000
5.177000
5.181000
5.183000
5.202000
5.205000
5.206000
5.207000
5.213000
5.224000
5.232000
5.264000
5.265000
5.275000
5.280000
5.280000
5.287000
5.291000
5.308000
5.334000
5.346000
5.346000
5.347000
5.353000
5.359000
5.365000
5.373000
5.385000
5.389000
5.405000
5.406000
5.415000
5.419000
5.442000
5.445000
5.445000
5.450000
5.452000
5.458000
5.469000
5.473000
5.478000
5.487000
5.491000
5.507000
5.532000
5.535000
5.538000
5.553000
5.573000
5.579000
5.592000
5.592000
5.600000
5.606000
5.616000
5.618000
5.619000
5.620000
5.631000
5.641000
5.667000
5.672000
5.673000
5.679000
5.693000
5.696000
5.697000
5.705000
5.709000
5.710000
5.714000
5.730000
5.738000
5.738000
5.746000
5.752000
5.752000
5.753000
5.764000
5.767000
5.780000
5.786000
5.789000
5.792000
5.792000
5.793000
5.794000
5.797000
5.797000
5.801000
5.803000
5.804000
5.809000
5.813000
5.814000
5.820000
5.824000
5.827000
5.829000
5.837000
5.837000
5.842000
5.846000
5.858000
5.866000
5.868000
5.871000
5.874000
5.888000
5.890000
5.898000
5.904000
5.906000
5.910000
5.916000
5.921000
5.922000
5.924000
5.925000
5.930000
5.930000
5.931000
5.935000
5.937000
5.939000
5.939000
5.940000
5.943000
5.947000
5.948000
5.948000
5.949000
5.951000
5.952000
5.954000
5.957000
5.957000
5.961000
5.963000
5.967000
5.967000
5.967000
5.968000
5.974000
5.974000
5.975000
5.976000
5.981000
5.984000
5.985000
5.986000
5.991000
5.994000
5.995000
5.996000
5.996000
5.997000
5.998000
5.999000
6.001000
6.002000
6.005000
6.005000
6.006000
6.007000
6.007000
6.008000
6.009000
6.010000
6.010000
6.010000
6.011000
6.011000
6.011000
6.012000
6.012000
6.016000
6.018000
6.018000
6.020000
6.021000
6.021000
6.021000
6.021000
6.022000
6.022000
6.022000
6.022000
6.023000
6.025000
6.027000
6.028000
6.030000
6.031000
6.034000
6.035000
6.036000
6.036000
6.037000
6.039000
6.039000
6.040000
6.040000
6.043000
6.045000
6.045000
6.045000
6.046000
6.047000
6.053000
6.057000
6.059000
6.061000
6.075000
6.083000
6.116000
6.153000
6.208000
6.328000
6.420000
6.564000
6.580000
6.600000
6.657000
6.692000
6.695000
6.705000
6.732000
6.748000
6.755000
6.759000
6.770000
6.773000
6.787000
6.819000
6.838000
6.841000
6.860000
6.864000
6.888000
6.907000
6.913000
6.938000
6.944000
6.948000
6.949000
7.009000
7.017000
7.022000
7.030000
7.064000
7.065000
7.068000
7.117000
7.120000
7.121000
7.122000
7.134000
7.149000
7.154000
7.164000
7.206000
7.209000
7.209000
7.213000
7.235000
7.247000
7.254000
7.270000
7.272000
7.277000
7.283000
7.289000
7.290000
7.294000
7.294000
7.330000
7.343000
7.344000
7.347000
7.351000
7.351000
7.362000
7.379000
7.481000
7.481000
7.488000
7.491000
7.515000
7.524000
7.580000
7.654000
7.659000
7.714000
7.734000
7.769000
7.775000
7.786000
7.808000
7.819000
7.822000
7.825000
7.828000
7.831000
7.832000
7.837000
7.854000
7.862000
7.862000
7.863000
7.865000
7.869000
7.870000
7.871000
7.872000
7.875000
7.879000
7.884000
7.891000
7.899000
7.905000
7.911000
7.911000
7.943000
7.953000
7.995000
7.995000
7.996000
7.998000
8.002000
8.005000
8.012000
8.045000
8.046000
8.049000
8.097000
8.099000
8.101000
8.104000
8.109000
8.109000
8.112000
8.116000
8.116000
8.128000
8.128000
8.133000
8.169000
8.170000
8.172000
8.183000
8.192000
8.215000
8.216000
8.216000
8.216000
8.218000
8.219000
8.220000
8.221000
8.221000
8.221000
8.223000
8.223000
8.224000
8.224000
8.224000
8.225000
8.225000
8.225000
8.225000
8.226000
8.226000
8.226000
8.226000
8.228000
8.228000
8.228000
8.229000
8.229000
8.231000
8.231000
8.232000
8.232000
8.232000
8.232000
8.234000
8.234000
8.234000
8.234000
8.235000
8.236000
8.236000
8.236000
8.238000
8.238000
8.239000
8.239000
8.239000
8.239000
8.241000
8.245000
8.249000
8.251000
8.254000
8.255000
8.257000
8.262000
8.267000
8.270000
8.284000
8.290000
8.503000
8.529000
8.585000
8.631000
8.674000
8.684000
8.686000
8.690000
8.698000
8.700000
8.710000
8.714000
8.720000
8.721000
8.722000
8.722000
8.730000
8.754000
8.771000
8.778000
8.784000
8.786000
8.786000
8.795000
8.797000
8.802000
8.812000
8.821000
8.835000
8.836000
8.840000
8.845000
8.853000
8.862000
8.866000
8.884000
8.885000
8.894000
8.895000
8.900000
8.910000
8.910000
8.912000
8.919000
8.955000
8.965000
8.966000
8.967000
8.985000
9.026000
9.039000
9.048000
9.055000
9.072000
9.139000
9.157000
9.168000
9.176000
9.220000
9.238000
9.280000
9.383000
9.402000
9.463000
9.497000
9.517000
9.522000
9.542000
9.609000
9.636000
9.647000
9.675000
9.713000
9.715000
9.718000
9.725000
9.748000
9.753000
9.785000
9.797000
9.798000
9.798000
9.814000
9.845000
9.845000
9.851000
9.854000
9.883000
9.898000
9.914000
9.919000
9.924000
9.925000
9.930000
9.936000
9.944000
9.949000
9.949000
9.954000
9.998000
10.000000
10.001000
10.004000
10.007000
10.008000
10.016000
10.020000
10.033000
10.035000
10.051000
10.074000
10.108000
10.121000
10.165000
10.277000
10.281000
10.286000
10.315000
10.339000
10.379000
10.381000
10.402000
10.429000
10.433000
10.499000
10.519000
10.543000
10.551000
10.578000
10.622000
10.678000
10.684000
10.698000
10.769000
10.929000
11.086000
12.337000
12.355000
12.356000
12.357000
12.363000
12.366000
12.369000
12.380000
12.386000
12.391000
12.392000
12.399000
12.411000
12.455000
12.456000
12.457000
12.460000
12.461000
12.465000
12.465000
12.468000
12.470000
12.470000
12.475000
12.480000
12.481000
12.483000
12.488000
12.494000
12.497000
12.498000
12.499000
12.499000
12.500000
12.503000
12.511000
12.517000
12.519000
12.520000
12.524000
12.526000
12.528000
12.530000
12.530000
12.532000
12.534000
12.535000
12.536000
12.540000
12.542000
12.543000
12.543000
12.546000
12.547000
12.548000
12.549000
12.550000
12.550000
12.551000
12.552000
12.555000
12.558000
12.558000
12.563000
12.567000
12.568000
12.568000
12.573000
12.574000
12.576000
12.576000
12.576000
12.576000
12.577000
12.579000
12.579000
12.579000
12.581000
12.583000
12.583000
12.584000
12.587000
12.589000
12.590000
12.591000
12.591000
12.593000
12.595000
12.595000
12.598000
12.598000
12.599000
12.599000
12.599000
12.600000
12.605000
12.607000
12.609000
12.611000
12.611000
12.612000
12.613000
12.614000
12.614000
12.617000
12.624000
12.624000
12.625000
12.628000
12.632000
12.632000
12.632000
12.643000
12.646000
12.647000
12.648000
12.649000
12.650000
12.652000
12.659000
12.660000
12.660000
12.661000
12.664000
12.664000
12.670000
12.671000
12.672000
12.677000
12.681000
12.685000
12.686000
12.687000
12.688000
12.690000
12.692000
12.695000
12.699000
12.701000
12.705000
12.708000
12.708000
12.709000
12.710000
12.712000
12.714000
12.716000
12.717000
12.720000
12.721000
12.725000
12.729000
12.729000
12.730000
12.730000
12.730000
12.736000
12.738000
12.739000
12.741000
12.743000
12.746000
12.747000
12.748000
12.750000
12.751000
12.752000
12.753000
12.754000
12.755000
12.756000
12.759000
12.764000
12.765000
12.770000
12.772000
12.772000
12.774000
12.778000
12.781000
12.784000
12.785000
12.785000
12.788000
12.790000
12.792000
12.805000
12.806000
12.810000
12.812000
12.818000
12.819000
12.824000
12.824000
12.825000
12.827000
12.827000
12.832000
12.835000
12.836000
12.838000
12.839000
12.840000
12.842000
12.845000
12.848000
12.851000
12.858000
12.858000
12.867000
12.874000
12.878000
12.880000
12.881000
12.889000
12.894000
12.896000
12.897000
12.898000
12.900000
12.902000
12.905000
12.907000
12.909000
12.910000
12.913000
12.915000
12.918000
12.922000
12.923000
12.924000
12.924000
12.927000
12.930000
12.937000
12.940000
12.940000
12.941000
12.948000
12.951000
12.954000
12.956000
12.956000
12.957000
12.959000
12.961000
12.967000
12.998000
12.999000
13.000000
13.011000
13.014000
13.019000
13.019000
13.022000
13.022000
13.025000
13.026000
13.026000
13.029000
13.030000
13.031000
13.041000
13.041000
13.042000
13.045000
13.049000
13.049000
13.049000
13.056000
13.059000
13.061000
13.062000
13.067000
13.068000
13.071000
13.072000
13.079000
13.081000
13.084000
13.084000
13.086000
13.090000
13.094000
13.096000
13.101000
13.104000
13.112000
13.112000
13.121000
13.123000
13.139000
13.141000
13.149000
13.151000
13.152000
13.157000
13.158000
13.159000
13.162000
13.163000
13.171000
13.172000
13.175000
13.177000
13.179000
13.180000
13.182000
13.187000
13.194000
13.194000
13.195000
13.202000
13.206000
13.207000
13.208000
13.209000
13.212000
13.212000
13.215000
13.218000
13.226000
13.235000
13.237000
13.240000
13.241000
13.244000
13.244000
13.244000
13.245000
13.249000
13.250000
13.260000
13.265000
13.266000
13.266000
13.277000
13.278000
13.278000
13.279000
13.284000
13.284000
13.285000
13.293000
13.293000
13.299000
13.300000
13.301000
13.311000
13.313000
13.313000
13.314000
13.315000
13.319000
13.321000
13.336000
13.352000
13.357000
13.362000
13.365000
13.367000
13.370000
13.373000
13.373000
13.374000
13.377000
13.382000
13.382000
13.382000
13.383000
13.391000
13.394000
13.395000
13.395000
13.396000
13.397000
13.400000
13.401000
13.406000
13.406000
13.410000
13.410000
13.410000
13.414000
13.418000
13.420000
13.422000
13.424000
13.424000
13.424000
13.427000
13.428000
13.430000
13.432000
13.436000
13.437000
13.439000
13.439000
13.443000
13.445000
13.456000
13.458000
13.464000
13.471000
13.480000
13.483000
13.485000
13.500000
13.503000
13.505000
13.520000
13.531000
13.583000
13.599000
13.616000
13.639000
13.640000
13.647000
13.714000
13.748000
13.754000
13.759000
13.820000
13.850000
13.902000
13.906000
13.917000
13.952000
14.015000
14.031000
14.032000
14.037000
14.062000
14.089000
14.093000
14.104000
14.127000
14.128000
14.137000
14.171000
14.224000
14.229000
14.260000
14.261000
14.272000
14.306000
14.326000
14.399000
14.426000
14.450000
14.452000
14.465000
14.465000
14.467000
14.474000
14.524000
14.550000
14.600000
14.719000
14.746000
14.765000
14.786000
14.799000
14.806000
14.836000
14.838000
14.839000
14.845000
14.869000
14.887000
14.890000
14.891000
14.914000
14.931000
14.949000
14.997000
15.006000
15.013000
15.013000
15.018000
15.019000
15.019000
15.037000
15.042000
15.061000
15.064000
15.068000
15.080000
15.086000
15.087000
15.099000
15.109000
15.131000
15.134000
15.140000
15.141000
15.155000
15.178000
15.179000
15.212000
15.213000
15.218000
15.241000
15.242000
15.246000
15.246000
15.254000
15.282000
15.297000
15.330000
15.332000
15.347000
15.351000
15.381000
15.388000
15.412000
15.420000
15.442000
15.477000
15.489000
15.510000
15.539000
15.576000
15.627000
15.630000
15.633000
15.637000
15.641000
15.747000
15.749000
15.752000
15.777000
15.784000
15.796000
15.807000
15.966000
15.973000
15.995000
16.074000
16.102000
16.106000
16.108000
16.120000
16.127000
16.184000
16.204000
16.218000
16.339000
16.346000
16.356000
16.357000
16.393000
16.397000
16.397000
16.453000
16.461000
16.508000
16.590000
16.617000
16.761000
16.804000
16.854000
17.018000
17.144000
17.180000
17.274000
17.399000
17.416000
17.474000
17.480000
17.492000
17.502000
17.539000
17.545000
17.587000
17.592000
17.598000
17.600000
17.610000
17.624000
17.641000
17.645000
17.650000
17.651000
17.657000
17.660000
17.662000
17.664000
17.683000
17.686000
17.687000
17.689000
17.694000
17.695000
17.700000
17.704000
17.705000
17.705000
17.712000
17.716000
17.724000
17.730000
17.740000
17.740000
17.743000
17.744000
17.748000
17.749000
17.752000
17.752000
17.756000
17.761000
17.761000
17.790000
17.791000
17.791000
17.793000
17.801000
17.818000
17.992000
18.017000
18.083000
18.089000
18.125000
18.141000
18.155000
18.157000
18.158000
18.228000
18.383000
18.389000
18.402000
18.408000
18.463000
18.491000
18.565000
18.617000
18.637000
18.697000
18.697000
18.727000
18.765000
18.937000
19.006000
19.009000
19.009000
19.143000
19.246000
19.252000
19.327000
19.411000
19.411000
19.414000
19.447000
19.499000
19.653000
19.695000
19.729000
19.763000
19.812000
19.846000
19.918000
19.950000
19.974000
19.984000
20.056000
20.056000
20.059000
20.061000
20.099000
20.100000
20.113000
20.124000
20.125000
20.129000
20.132000
20.192000
20.197000
20.200000
20.200000
20.200000
20.207000
20.211000
20.212000
20.212000
20.213000
20.215000
20.216000
20.218000
20.227000
20.229000
20.253000
20.253000
20.257000
20.266000
20.306000
20.320000
20.323000
20.324000
20.329000
20.331000
20.332000
20.334000
20.336000
20.336000
20.338000
20.339000
20.350000
20.350000
20.367000
20.374000
20.377000
20.389000
20.427000
20.435000
20.436000
20.439000
20.441000
20.444000
20.445000
20.446000
20.446000
20.446000
20.454000
20.456000
20.457000
20.459000
20.459000
20.459000
20.460000
20.464000
20.465000
20.466000
20.466000
20.468000
20.477000
20.477000
20.478000
20.490000
20.498000
20.504000
20.515000
20.516000
20.517000
20.517000
20.522000
20.523000
20.524000
20.525000
20.532000
20.546000
20.546000
20.552000
20.557000
20.566000
20.574000
20.582000
20.591000
20.596000
20.598000
20.599000
20.603000
20.603000
20.604000
20.612000
20.616000
20.617000
20.633000
20.634000
20.636000
20.637000
20.638000
20.640000
20.642000
20.693000
20.693000
20.695000
20.696000
20.699000
20.700000
20.701000
20.701000
20.707000
20.709000
20.710000
20.713000
20.714000
20.717000
20.723000
20.734000
20.735000
20.739000
20.744000
20.746000
20.776000
20.787000
20.788000
20.788000
20.789000
20.790000
20.801000
20.807000
20.817000
20.838000
20.840000
20.841000
20.842000
20.845000
20.847000
20.848000
20.862000
20.866000
20.890000
20.898000
20.901000
20.917000
20.939000
20.980000
21.000000
21.000000
21.082000
21.100000
21.108000
21.156000
21.159000
21.170000
21.176000
21.181000
21.203000
21.216000
21.221000
21.251000
21.252000
21.253000
21.260000
21.276000
21.311000
21.322000
21.324000
21.326000
21.339000
21.348000
21.384000
21.397000
21.409000
21.414000
21.427000
21.454000
21.467000
21.471000
21.475000
21.478000
21.480000
21.494000
21.511000
21.520000
21.541000
21.542000
21.567000
21.570000
21.599000
21.608000
21.632000
21.662000
21.667000
21.707000
21.749000
21.780000
21.783000
21.796000
21.823000
21.828000
21.844000
21.880000
21.885000
21.895000
21.909000
21.914000
21.921000
21.928000
21.949000
21.950000
21.966000
21.972000
21.982000
21.988000
21.993000
22.007000
22.031000
22.035000
22.101000
22.107000
22.111000
22.128000
22.137000
22.146000
22.156000
22.163000
22.186000
22.187000
22.221000
22.244000
22.267000
22.299000
22.317000
22.319000
22.323000
22.330000
22.331000
22.342000
22.350000
22.358000
22.360000
22.361000
22.379000
22.392000
22.398000
22.419000
22.433000
22.441000
22.442000
22.443000
22.450000
22.451000
22.453000
22.456000
22.461000
22.482000
22.498000
22.500000
22.506000
22.507000
22.523000
22.536000
22.543000
22.547000
22.578000
22.587000
22.594000
22.609000
22.611000
22.616000
22.626000
22.633000
22.639000
22.645000
22.645000
22.683000
22.687000
22.704000
22.710000
22.712000
22.716000
22.719000
22.727000
22.786000
22.789000
22.809000
22.846000
22.858000
22.860000
22.907000
22.918000
22.934000
22.941000
22.983000
22.984000
22.987000
23.027000
23.050000
23.060000
23.110000
23.121000
23.122000
23.123000
23.239000
23.243000
23.248000
23.289000
23.297000
23.324000
23.381000
23.401000
23.402000
23.498000
23.520000
23.566000
23.568000
23.689000
23.704000
23.733000
23.758000
23.767000
23.790000
23.803000
23.812000
23.898000
23.909000
23.910000
23.918000
23.939000
24.025000
24.036000
24.042000
24.045000
24.078000
24.082000
24.084000
24.087000
24.088000
24.098000
24.115000
24.181000
24.183000
24.224000
24.227000
24.231000
24.235000
24.269000
24.287000
24.289000
24.320000
24.348000
24.372000
24.403000
24.437000
24.439000
24.450000
24.455000
24.474000
24.474000
24.487000
24.524000
24.587000
24.590000
24.590000
24.632000
24.648000
24.656000
24.745000
24.748000
24.750000
24.807000
24.876000
24.880000
24.899000
24.900000
24.901000
24.953000
24.956000
24.962000
24.973000
24.979000
24.979000
25.094000
25.125000
25.157000
25.162000
25.300000
25.305000
25.306000
25.317000
25.372000
25.388000
25.439000
25.489000
25.562000
25.568000
25.610000
25.637000
25.653000
25.682000
25.689000
25.759000
25.770000
25.802000
25.819000
26.900000
26.910000
26.970000
27.001000
27.081000
27.319000
27.321000
27.324000
27.344000
27.364000
27.374000
27.401000
27.403000
27.406000
27.412000
27.426000
27.439000
27.467000
27.490000
27.492000
27.495000
27.508000
27.511000
27.532000
27.563000
27.575000
27.592000
27.596000
27.597000
27.616000
27.635000
27.640000
27.696000
27.707000
27.709000
27.737000
27.766000
27.780000
27.797000
27.798000
27.806000
27.837000
27.839000
27.844000
27.891000
27.940000
27.943000
27.961000
27.988000
27.989000
27.992000
28.000000
28.004000
28.013000
28.030000
28.033000
28.033000
28.033000
28.033000
28.041000
28.049000
28.055000
28.056000
28.063000
28.069000
28.090000
28.105000
28.125000
28.133000
28.142000
28.143000
28.150000
28.164000
28.178000
28.184000
28.205000
28.212000
28.241000
28.251000
28.253000
28.259000
28.259000
28.287000
28.296000
28.307000
28.320000
28.326000
28.330000
28.335000
28.345000
28.354000
28.358000
28.359000
28.362000
28.393000
28.413000
28.415000
28.416000
28.439000
28.440000
28.444000
28.446000
28.446000
28.450000
28.452000
28.456000
28.464000
28.468000
28.468000
28.472000
28.474000
28.478000
28.478000
28.480000
28.480000
28.483000
28.507000
28.572000
28.587000
28.598000
28.603000
28.605000
28.609000
28.610000
28.638000
28.649000
28.653000
28.669000
28.691000
28.693000
28.704000
28.708000
28.729000
28.743000
28.757000
28.769000
28.784000
28.808000
28.834000
28.840000
28.881000
28.906000
28.930000
28.932000
28.995000
29.024000
29.025000
29.038000
29.084000
29.085000
29.088000
29.094000
29.097000
29.097000
29.101000
29.114000
29.114000
29.115000
29.118000
29.121000
29.126000
29.141000
29.141000
29.141000
29.147000
29.165000
29.168000
29.171000
29.175000
29.178000
29.219000
29.227000
29.231000
29.232000
29.238000
29.240000
29.246000
29.252000
29.269000
29.271000
29.277000
29.277000
29.283000
29.296000
29.297000
29.299000
29.311000
29.319000
29.325000
29.355000
29.356000
29.359000
29.370000
29.384000
29.393000
29.394000
29.400000
29.406000
29.430000
29.442000
29.450000
29.452000
29.463000
29.508000
29.512000
29.528000
29.540000
29.543000
29.547000
29.580000
29.580000
29.582000
29.603000
29.613000
29.617000
29.620000
29.625000
29.628000
29.628000
29.631000
29.660000
29.664000
29.676000
29.682000
29.690000
29.699000
29.700000
29.701000
29.708000
29.721000
29.722000
29.732000
29.763000
29.781000
29.783000
29.797000
29.798000
29.807000
29.810000
29.834000
29.839000
29.848000
29.857000
29.859000
29.859000
29.864000
29.881000
29.886000
29.891000
29.902000
29.905000
29.943000
29.943000
29.947000
29.948000
29.960000
29.971000
29.975000
29.979000
29.982000
30.002000
30.026000
30.033000
30.037000
30.037000
30.045000
30.057000
30.066000
30.073000
30.078000
30.090000
30.097000
30.104000
30.106000
30.112000
30.119000
30.135000
30.141000
30.144000
30.148000
30.155000
30.156000
30.191000
30.192000
30.197000
30.221000
30.222000
30.226000
30.245000
30.264000
30.266000
30.277000
30.282000
30.284000
30.284000
30.290000
30.295000
30.303000
30.308000
30.310000
30.347000
30.353000
30.361000
30.366000
30.371000
30.371000
30.383000
30.387000
30.403000
30.407000
30.412000
30.429000
30.441000
30.446000
30.451000
30.456000
30.472000
30.473000
30.474000
30.476000
30.489000
30.489000
30.501000
30.527000
30.531000
30.557000
30.562000
30.579000
30.586000
30.589000
30.599000
30.605000
30.607000
30.617000
30.633000
30.642000
30.651000
30.667000
30.669000
30.715000
30.724000
30.739000
30.741000
30.785000
30.790000
30.791000
30.824000
30.831000
30.835000
30.848000
30.851000
30.856000
30.870000
30.873000
30.876000
30.877000
30.882000
30.887000
30.895000
30.916000
30.927000
30.935000
30.937000
30.949000
30.956000
30.957000
30.985000
31.000000
31.042000
31.050000
31.057000
31.058000
31.058000
31.058000
31.072000
31.077000
31.118000
31.119000
31.126000
31.129000
31.131000
31.136000
31.149000
31.157000
31.159000
31.160000
31.168000
31.185000
31.209000
31.226000
31.236000
31.240000
31.260000
31.273000
31.281000
31.291000
31.302000
31.305000
31.305000
31.309000
31.332000
31.341000
31.374000
31.401000
31.402000
31.407000
31.414000
31.421000
31.422000
31.434000
31.441000
31.445000
31.449000
31.450000
31.459000
31.461000
31.465000
31.481000
31.485000
31.490000
31.490000
31.491000
31.506000
31.506000
31.509000
31.538000
31.540000
31.542000
31.546000
31.549000
31.558000
31.560000
31.589000
31.594000
31.595000
31.625000
31.625000
31.625000
31.627000
31.678000
31.679000
31.693000
31.700000
31.709000
31.717000
31.719000
31.723000
31.729000
31.732000
31.734000
31.737000
31.739000
31.742000
31.747000
31.753000
31.754000
31.775000
31.785000
31.806000
31.810000
31.813000
31.841000
31.846000
31.855000
31.868000
31.870000
31.876000
31.882000
31.883000
31.887000
31.894000
31.898000
31.903000
31.913000
31.913000
31.915000
31.918000
31.926000
31.926000
31.927000
31.930000
31.934000
31.934000
31.940000
31.944000
31.963000
31.975000
31.994000
31.999000
32.003000
32.011000
32.011000
32.014000
32.023000
32.024000
32.033000
32.037000
32.043000
32.049000
32.051000
32.058000
32.061000
32.064000
32.069000
32.072000
32.094000
32.100000
32.104000
32.106000
32.115000
32.133000
32.139000
32.142000
32.145000
32.149000
32.156000
32.156000
32.162000
32.167000
32.188000
32.190000
32.234000
32.243000
32.257000
32.261000
32.292000
32.312000
32.325000
32.336000
32.388000
32.388000
32.531000
32.561000
32.571000
32.574000
32.579000
32.592000
32.634000
32.732000
32.736000
32.756000
32.772000
32.779000
32.782000
32.783000
32.784000
32.802000
32.808000
32.810000
32.821000
32.831000
32.859000
32.859000
32.864000
32.867000
32.873000
32.919000
32.931000
32.964000
32.994000
33.021000
33.032000
33.053000
33.090000
33.119000
33.235000
33.256000
33.259000
33.260000
33.261000
33.261000
33.268000
33.280000
33.285000
33.290000
33.291000
33.319000
33.331000
33.438000
33.460000
33.474000
33.479000
33.491000
33.501000
33.511000
33.525000
33.577000
33.659000
33.775000
33.826000
33.827000
33.855000
33.863000
33.877000
33.961000
34.006000
34.080000
34.149000
34.183000
34.218000
34.219000
34.221000
34.224000
34.225000
34.274000
34.275000
34.279000
34.351000
34.366000
34.385000
34.400000
34.479000
34.509000
34.524000
34.545000
34.552000
34.592000
34.655000
34.661000
34.670000
34.672000
34.701000
34.716000
34.724000
34.757000
34.760000
34.763000
34.780000
34.786000
34.820000
34.853000
34.854000
34.876000
34.882000
34.910000
34.926000
34.933000
34.969000
34.981000
35.072000
35.336000
35.667000
35.909000
35.948000
36.024000
36.159000
36.175000
36.194000
36.198000
36.201000
36.244000
36.306000
36.329000
36.363000
36.399000
36.407000
36.422000
36.448000
36.461000
36.463000
36.523000
36.528000
36.544000
36.556000
36.563000
36.565000
36.578000
36.610000
36.627000
36.633000
36.636000
36.646000
36.673000
36.677000
36.679000
36.700000
36.714000
36.715000
36.720000
36.721000
36.736000
36.750000
36.761000
36.786000
36.787000
36.824000
36.835000
36.845000
36.850000
36.858000
36.859000
36.880000
36.883000
36.933000
36.948000
36.961000
36.965000
36.973000
36.981000
36.986000
36.990000
37.000000
37.001000
37.026000
37.036000
37.046000
37.049000
37.083000
37.087000
37.088000
37.093000
37.112000
37.123000
37.134000
37.135000
37.154000
37.159000
37.168000
37.177000
37.184000
37.211000
37.270000
37.270000
37.271000
37.305000
37.316000
37.338000
37.349000
37.373000
37.378000
37.426000
37.457000
37.512000
37.528000
37.551000
37.562000
37.612000
37.711000
37.936000
38.145000
38.227000
38.284000
38.366000
38.427000
38.430000
38.466000
38.468000
38.505000
38.513000
38.573000
38.575000
38.583000
38.599000
38.610000
38.643000
38.645000
38.650000
38.674000
38.707000
38.788000
38.806000
38.824000
38.836000
38.846000
38.853000
38.857000
38.896000
38.897000
38.902000
38.907000
38.914000
38.921000
38.925000
38.930000
38.933000
38.938000
38.942000
38.946000
38.947000
38.955000
38.957000
38.962000
38.969000
38.969000
38.974000
38.978000
38.982000
38.983000
38.993000
38.997000
39.000000
39.000000
39.014000
39.015000
39.027000
39.030000
39.031000
39.035000
39.038000
39.040000
39.044000
39.049000
39.050000
39.057000
39.060000
39.060000
39.063000
39.068000
39.071000
39.072000
39.074000
39.078000
39.078000
39.080000
39.080000
39.081000
39.084000
39.085000
39.085000
39.086000
39.087000
39.087000
39.087000
39.088000
39.090000
39.092000
39.092000
39.095000
39.095000
39.099000
39.099000
39.099000
39.101000
39.102000
39.103000
39.104000
39.105000
39.106000
39.109000
39.109000
39.113000
39.113000
39.115000
39.119000
39.119000
39.125000
39.126000
39.127000
39.134000
39.135000
39.140000
39.141000
39.143000
39.144000
39.149000
39.153000
39.156000
39.157000
39.160000
39.161000
39.161000
39.167000
39.168000
39.168000
39.170000
39.171000
39.175000
39.178000
39.179000
39.183000
39.183000
39.186000
39.186000
39.189000
39.193000
39.193000
39.194000
39.194000
39.198000
39.200000
39.204000
39.205000
39.205000
39.205000
39.209000
39.210000
39.210000
39.212000
39.214000
39.216000
39.216000
39.217000
39.227000
39.228000
39.233000
39.234000
39.239000
39.241000
39.247000
39.249000
39.252000
39.255000
39.258000
39.258000
39.264000
39.266000
39.271000
39.273000
39.282000
39.290000
39.293000
39.294000
39.296000
39.296000
39.301000
39.305000
39.308000
39.311000
39.311000
39.311000
39.314000
39.315000
39.318000
39.318000
39.319000
39.320000
39.321000
39.323000
39.323000
39.325000
39.326000
39.328000
39.330000
39.330000
39.332000
39.337000
39.337000
39.340000
39.341000
39.343000
39.345000
39.347000
39.350000
39.351000
39.355000
39.366000
39.368000
39.370000
39.371000
39.377000
39.378000
39.380000
39.383000
39.386000
39.386000
39.387000
39.396000
39.396000
39.397000
39.402000
39.403000
39.409000
39.409000
39.412000
39.414000
39.414000
39.416000
39.417000
39.417000
39.421000
39.421000
39.427000
39.428000
39.435000
39.435000
39.435000
39.440000
39.441000
39.442000
39.443000
39.447000
39.448000
39.449000
39.453000
39.454000
39.455000
39.456000
39.459000
39.460000
39.464000
39.465000
39.466000
39.473000
39.475000
39.478000
39.479000
39.479000
39.480000
39.482000
39.489000
39.497000
39.498000
39.500000
39.504000
39.505000
39.505000
39.507000
39.509000
39.514000
39.517000
39.520000
39.520000
39.521000
39.524000
39.529000
39.532000
39.538000
39.545000
39.548000
39.551000
39.552000
39.555000
39.562000
39.562000
39.568000
39.570000
39.576000
39.576000
39.576000
39.582000
39.584000
39.585000
39.590000
39.590000
39.591000
39.592000
39.593000
39.599000
39.599000
39.602000
39.605000
39.606000
39.606000
39.606000
39.608000
39.608000
39.612000
39.613000
39.613000
39.614000
39.620000
39.620000
39.620000
39.622000
39.623000
39.625000
39.627000
39.631000
39.633000
39.635000
39.636000
39.637000
39.640000
39.642000
39.645000
39.652000
39.652000
39.654000
39.655000
39.659000
39.661000
39.677000
39.679000
39.685000
39.689000
39.692000
39.699000
39.703000
39.706000
39.711000
39.712000
39.712000
39.713000
39.715000
39.717000
39.718000
39.718000
39.719000
39.722000
39.723000
39.723000
39.725000
39.725000
39.726000
39.727000
39.728000
39.730000
39.732000
39.733000
39.733000
39.733000
39.737000
39.737000
39.737000
39.738000
39.738000
39.739000
39.739000
39.740000
39.741000
39.744000
39.746000
39.746000
39.748000
39.748000
39.748000
39.749000
39.749000
39.750000
39.752000
39.755000
39.757000
39.762000
39.773000
39.776000
39.777000
39.780000
39.783000
39.784000
39.786000
39.787000
39.788000
39.788000
39.790000
39.790000
39.793000
39.793000
39.797000
39.797000
39.797000
39.799000
39.800000
39.802000
39.803000
39.808000
39.808000
39.812000
39.814000
39.818000
39.820000
39.829000
39.829000
39.830000
39.834000
39.842000
39.848000
39.849000
39.854000
39.855000
39.857000
39.861000
39.863000
39.865000
39.868000
39.869000
39.869000
39.870000
39.873000
39.875000
39.880000
39.882000
39.889000
39.892000
39.895000
39.896000
39.906000
39.910000
39.915000
39.919000
39.919000
39.922000
39.924000
39.936000
39.938000
39.944000
39.944000
39.948000
39.948000
39.953000
39.955000
39.956000
39.956000
39.961000
39.961000
39.968000
39.968000
39.972000
39.974000
39.978000
39.978000
39.978000
39.979000
39.981000
39.981000
39.981000
39.985000
39.991000
39.995000
40.000000
40.002000
40.009000
40.010000
40.012000
40.015000
40.017000
40.019000
40.021000
40.023000
40.024000
40.024000
40.030000
40.033000
40.034000
40.039000
40.046000
40.049000
40.057000
40.061000
40.062000
40.064000
40.068000
40.071000
40.074000
40.079000
40.080000
40.081000
40.084000
40.084000
40.085000
40.086000
40.087000
40.090000
40.091000
40.093000
40.095000
40.101000
40.102000
40.109000
40.109000
40.113000
40.116000
40.117000
40.123000
40.124000
40.125000
40.125000
40.127000
40.130000
40.132000
40.135000
40.139000
40.147000
40.154000
40.167000
40.172000
40.176000
40.182000
40.184000
40.186000
40.198000
40.198000
40.201000
40.209000
40.210000
40.212000
40.216000
40.217000
40.220000
40.223000
40.224000
40.227000
40.231000
40.234000
40.235000
40.236000
40.242000
40.243000
40.249000
40.249000
40.249000
40.254000
40.254000
40.254000
40.255000
40.256000
40.258000
40.261000
40.262000
40.263000
40.270000
40.271000
40.275000
40.276000
40.277000
40.284000
40.291000
40.292000
40.297000
40.297000
40.298000
40.304000
40.307000
40.312000
40.313000
40.314000
40.316000
40.322000
40.328000
40.329000
40.331000
40.335000
40.342000
40.349000
40.355000
40.358000
40.359000
40.360000
40.360000
40.362000
40.366000
40.367000
40.369000
40.376000
40.378000
40.379000
40.379000
40.384000
40.385000
40.390000
40.399000
40.401000
40.403000
40.407000
40.413000
40.415000
40.421000
40.422000
40.423000
40.438000
40.439000
40.440000
40.441000
40.442000
40.442000
40.443000
40.449000
40.450000
40.451000
40.454000
40.456000
40.456000
40.457000
40.457000
40.458000
40.461000
40.463000
40.466000
40.466000
40.469000
40.473000
40.474000
40.475000
40.475000
40.476000
40.479000
40.485000
40.485000
40.486000
40.488000
40.490000
40.491000
40.491000
40.494000
40.498000
40.501000
40.502000
40.503000
40.507000
40.508000
40.510000
40.511000
40.511000
40.512000
40.512000
40.513000
40.513000
40.516000
40.516000
40.522000
40.523000
40.532000
40.532000
40.533000
40.538000
40.540000
40.540000
40.542000
40.543000
40.544000
40.557000
40.558000
40.559000
40.561000
40.562000
40.567000
40.569000
40.571000
40.572000
40.572000
40.572000
40.573000
40.574000
40.577000
40.577000
40.578000
40.578000
40.579000
40.579000
40.582000
40.583000
40.583000
40.584000
40.584000
40.586000
40.587000
40.589000
40.589000
40.589000
40.592000
40.596000
40.600000
40.600000
40.602000
40.602000
40.603000
40.604000
40.604000
40.605000
40.609000
40.612000
40.614000
40.616000
40.616000
40.617000
40.623000
40.623000
40.624000
40.625000
40.626000
40.633000
40.634000
40.636000
40.639000
40.645000
40.647000
40.652000
40.653000
40.657000
40.663000
40.664000
40.667000
40.672000
40.672000
40.674000
40.678000
40.680000
40.680000
40.682000
40.686000
40.687000
40.688000
40.688000
40.688000
40.690000
40.693000
40.693000
40.694000
40.697000
40.698000
40.698000
40.699000
40.702000
40.707000
40.708000
40.709000
40.711000
40.713000
40.715000
40.715000
40.716000
40.717000
40.717000
40.718000
40.718000
40.718000
40.720000
40.723000
40.724000
40.725000
40.725000
40.725000
40.725000
40.729000
40.729000
40.732000
40.734000
40.734000
40.735000
40.736000
40.736000
40.737000
40.738000
40.739000
40.743000
40.743000
40.743000
40.744000
40.746000
40.747000
40.747000
40.748000
40.749000
40.749000
40.752000
40.755000
40.755000
40.756000
40.758000
40.761000
40.767000
40.769000
40.769000
40.769000
40.772000
40.775000
40.780000
40.780000
40.782000
40.784000
40.784000
40.789000
40.792000
40.794000
40.794000
40.796000
40.798000
40.798000
40.800000
40.803000
40.806000
40.811000
40.813000
40.815000
40.823000
40.826000
40.829000
40.831000
40.831000
40.831000
40.833000
40.835000
40.842000
40.844000
40.846000
40.850000
40.850000
40.850000
40.850000
40.851000
40.851000
40.852000
40.852000
40.852000
40.852000
40.855000
40.855000
40.855000
40.857000
40.861000
40.863000
40.867000
40.867000
40.867000
40.867000
40.870000
40.871000
40.871000
40.873000
40.874000
40.875000
40.875000
40.879000
40.881000
40.885000
40.885000
40.893000
40.894000
40.894000
40.896000
40.897000
40.899000
40.899000
40.900000
40.900000
40.901000
40.903000
40.903000
40.903000
40.903000
40.903000
40.903000
40.904000
40.904000
40.905000
40.905000
40.905000
40.906000
40.906000
40.907000
40.907000
40.909000
40.909000
40.910000
40.911000
40.911000
40.911000
40.912000
40.912000
40.912000
40.913000
40.914000
40.916000
40.916000
40.920000
40.922000
40.924000
40.926000
40.926000
40.926000
40.927000
40.928000
40.928000
40.929000
40.929000
40.931000
40.935000
40.939000
40.939000
40.939000
40.939000
40.940000
40.940000
40.959000
40.959000
40.959000
40.961000
40.961000
40.963000
40.963000
40.965000
40.967000
40.968000
40.968000
40.970000
40.970000
40.970000
40.970000
40.970000
40.971000
40.975000
40.975000
40.975000
40.976000
40.978000
40.986000
40.987000
40.989000
40.991000
40.995000
40.995000
40.996000
40.996000
41.005000
41.007000
41.012000
41.022000
41.022000
41.023000
41.030000
41.039000
41.039000
41.041000
41.043000
41.044000
41.048000
41.049000
41.050000
41.051000
41.052000
41.052000
41.054000
41.055000
41.055000
41.055000
41.055000
41.055000
41.057000
41.057000
41.057000
41.057000
41.058000
41.058000
41.059000
41.060000
41.060000
41.061000
41.065000
41.066000
41.067000
41.068000
41.068000
41.069000
41.069000
41.069000
41.070000
41.072000
41.073000
41.075000
41.075000
41.075000
41.079000
41.079000
41.081000
41.082000
41.084000
41.085000
41.088000
41.089000
41.090000
41.093000
41.093000
41.095000
41.095000
41.097000
41.102000
41.103000
41.104000
41.106000
41.106000
41.106000
41.109000
41.110000
41.111000
41.113000
41.114000
41.115000
41.123000
41.126000
41.126000
41.126000
41.129000
41.129000
41.130000
41.133000
41.136000
41.136000
41.139000
41.143000
41.144000
41.145000
41.145000
41.146000
41.146000
41.148000
41.149000
41.151000
41.153000
41.157000
41.161000
41.161000
41.164000
41.165000
41.165000
41.166000
41.167000
41.167000
41.168000
41.169000
41.172000
41.175000
41.176000
41.179000
41.181000
41.182000
41.185000
41.186000
41.192000
41.193000
41.195000
41.199000
41.201000
41.203000
41.205000
41.209000
41.210000
41.211000
41.211000
41.211000
41.211000
41.211000
41.213000
41.214000
41.215000
41.216000
41.217000
41.217000
41.221000
41.222000
41.223000
41.224000
41.225000
41.225000
41.226000
41.226000
41.226000
41.226000
41.227000
41.227000
41.227000
41.228000
41.228000
41.231000
41.231000
41.235000
41.239000
41.240000
41.241000
41.246000
41.251000
41.253000
41.259000
41.264000
41.274000
41.279000
41.284000
41.284000
41.285000
41.288000
41.291000
41.292000
41.293000
41.294000
41.294000
41.295000
41.297000
41.297000
41.297000
41.298000
41.298000
41.299000
41.300000
41.300000
41.300000
41.302000
41.304000
41.306000
41.306000
41.308000
41.309000
41.311000
41.313000
41.319000
41.319000
41.321000
41.323000
41.325000
41.326000
41.333000
41.336000
41.338000
41.338000
41.344000
41.353000
41.362000
41.366000
41.366000
41.367000
41.369000
41.369000
41.369000
41.371000
41.371000
41.372000
41.372000
41.373000
41.373000
41.374000
41.374000
41.374000
41.375000
41.377000
41.377000
41.377000
41.379000
41.382000
41.382000
41.384000
41.384000
41.384000
41.385000
41.397000
41.397000
41.403000
41.404000
41.406000
41.408000
41.409000
41.411000
41.414000
41.421000
41.423000
41.425000
41.432000
41.438000
41.444000
41.445000
41.448000
41.453000
41.454000
41.455000
41.455000
41.456000
41.459000
41.459000
41.459000
41.459000
41.461000
41.461000
41.462000
41.462000
41.463000
41.463000
41.464000
41.465000
41.465000
41.466000
41.466000
41.467000
41.467000
41.468000
41.468000
41.468000
41.468000
41.469000
41.469000
41.471000
41.471000
41.474000
41.474000
41.475000
41.476000
41.476000
41.476000
41.477000
41.478000
41.481000
41.482000
41.485000
41.490000
41.492000
41.493000
41.496000
41.513000
41.527000
41.529000
41.531000
41.534000
41.538000
41.539000
41.544000
41.544000
41.546000
41.547000
41.548000
41.548000
41.549000
41.549000
41.551000
41.551000
41.552000
41.552000
41.553000
41.553000
41.553000
41.553000
41.554000
41.554000
41.556000
41.556000
41.556000
41.556000
41.556000
41.556000
41.557000
41.557000
41.557000
41.558000
41.558000
41.559000
41.560000
41.560000
41.561000
41.561000
41.561000
41.562000
41.563000
41.563000
41.564000
41.565000
41.565000
41.566000
41.566000
41.567000
41.568000
41.571000
41.572000
41.574000
41.576000
41.578000
41.578000
41.579000
41.582000
41.582000
41.583000
41.583000
41.586000
41.587000
41.590000
41.591000
41.591000
41.591000
41.593000
41.595000
41.596000
41.596000
41.597000
41.598000
41.599000
41.599000
41.600000
41.603000
41.606000
41.609000
41.611000
41.611000
41.612000
41.613000
41.617000
41.618000
41.620000
41.621000
41.621000
41.622000
41.622000
41.626000
41.627000
41.627000
41.632000
41.633000
41.633000
41.634000
41.634000
41.638000
41.639000
41.641000
41.644000
41.645000
41.650000
41.652000
41.653000
41.657000
41.657000
41.657000
41.657000
41.657000
41.658000
41.658000
41.659000
41.659000
41.660000
41.661000
41.661000
41.661000
41.662000
41.662000
41.663000
41.663000
41.664000
41.664000
41.664000
41.664000
41.664000
41.665000
41.665000
41.665000
41.666000
41.667000
41.668000
41.668000
41.670000
41.671000
41.672000
41.672000
41.673000
41.674000
41.674000
41.675000
41.676000
41.678000
41.679000
41.680000
41.681000
41.688000
41.688000
41.694000
41.695000
41.695000
41.695000
41.696000
41.696000
41.697000
41.697000
41.707000
41.710000
41.721000
41.725000
41.744000
41.751000
41.760000
41.763000
41.777000
41.791000
41.804000
41.837000
41.838000
41.860000
41.881000
41.906000
41.915000
41.926000
41.941000
41.947000
41.952000
41.959000
41.963000
41.970000
41.972000
41.980000
41.986000
42.060000
42.077000
42.098000
42.101000
42.103000
42.119000
42.138000
42.160000
42.169000
42.172000
42.185000
42.189000
42.234000
42.236000
42.237000
42.240000
42.246000
42.276000
42.287000
42.293000
42.311000
42.329000
42.343000
42.353000
42.469000
42.481000
42.542000
42.588000
42.599000
42.621000
42.633000
42.678000
42.683000
42.716000
42.718000
42.732000
42.789000
42.833000
42.871000
42.926000
42.931000
43.031000
43.049000
43.056000
43.079000
43.116000
43.137000
43.243000
43.247000
43.278000
43.279000
43.289000
43.358000
43.367000
43.376000
43.396000
43.402000
43.405000
43.414000
43.435000
43.480000
43.491000
43.500000
43.564000
43.564000
43.592000
43.598000
43.603000
43.634000
43.637000
43.639000
43.647000
43.656000
43.682000
43.698000
43.701000
43.708000
43.715000
43.721000
43.724000
43.735000
43.742000
43.742000
43.751000
43.756000
43.786000
43.790000
43.792000
43.807000
43.837000
43.846000
43.856000
43.861000
43.865000
43.868000
43.870000
43.874000
43.891000
43.898000
43.903000
43.903000
43.905000
43.914000
43.921000
43.926000
43.927000
43.953000
43.958000
43.959000
43.959000
43.964000
43.989000
44.009000
44.014000
44.022000
44.039000
44.050000
44.054000
44.056000
44.068000
44.097000
44.101000
44.108000
44.110000
44.116000
44.120000
44.132000
44.162000
44.163000
44.169000
44.192000
44.193000
44.194000
44.206000
44.207000
44.208000
44.218000
44.232000
44.234000
44.247000
44.250000
44.252000
44.252000
44.259000
44.261000
44.268000
44.276000
44.277000
44.288000
44.290000
44.295000
44.307000
44.318000
44.323000
44.325000
44.331000
44.336000
44.339000
44.362000
44.363000
44.366000
44.368000
44.371000
44.376000
44.399000
44.421000
44.427000
44.434000
44.466000
44.468000
44.469000
44.470000
44.475000
44.481000
44.489000
44.498000
44.513000
44.518000
44.536000
44.537000
44.543000
44.543000
44.545000
44.552000
44.565000
44.568000
44.572000
44.575000
44.587000
44.596000
44.599000
44.604000
44.621000
44.628000
44.633000
44.644000
44.662000
44.673000
44.746000
44.754000
44.758000
44.771000
44.796000
44.806000
44.831000
44.835000
44.837000
44.844000
44.845000
44.846000
44.849000
44.859000
44.860000
44.897000
44.913000
44.914000
44.914000
44.925000
44.933000
44.939000
44.947000
44.948000
44.955000
44.970000
44.980000
44.981000
44.984000
44.986000
45.000000
45.015000
45.045000
45.052000
45.054000
45.065000
45.067000
45.085000
45.090000
45.092000
45.112000
45.117000
45.136000
45.144000
45.144000
45.164000
45.190000
45.191000
45.191000
45.202000
45.211000
45.214000
45.220000
45.225000
45.230000
45.231000
45.247000
45.247000
45.278000
45.310000
45.320000
45.328000
45.333000
45.340000
45.340000
45.344000
45.356000
45.414000
45.430000
45.452000
45.452000
45.468000
45.498000
45.510000
45.520000
45.534000
45.565000
45.567000
45.575000
45.591000
45.600000
45.605000
45.606000
45.609000
45.611000
45.621000
45.623000
45.634000
45.635000
45.646000
45.666000
45.675000
45.685000
45.696000
45.697000
45.700000
45.711000
45.733000
45.745000
45.752000
45.770000
45.776000
45.791000
45.811000
45.835000
45.835000
45.838000
45.840000
45.862000
45.884000
45.886000
45.913000
45.917000
45.918000
45.921000
45.929000
45.940000
45.948000
45.962000
45.964000
45.970000
45.978000
45.981000
45.992000
45.999000
46.019000
46.028000
46.030000
46.050000
46.056000
46.059000
46.063000
46.101000
46.102000
46.108000
46.120000
46.144000
46.148000
46.155000
46.155000
46.171000
46.177000
46.177000
46.178000
46.195000
46.200000
46.209000
46.213000
46.218000
46.225000
46.241000
46.246000
46.247000
46.277000
46.283000
46.288000
46.297000
46.301000
46.309000
46.317000
46.320000
46.329000
46.359000
46.360000
46.367000
46.373000
46.383000
46.384000
46.400000
46.400000
46.414000
46.416000
46.421000
46.452000
46.465000
46.468000
46.489000
46.497000
46.499000
46.508000
46.510000
46.510000
46.512000
46.515000
46.519000
46.520000
46.524000
46.524000
46.525000
46.540000
46.542000
46.547000
46.549000
46.560000
46.573000
46.575000
46.576000
46.578000
46.582000
46.592000
46.599000
46.609000
46.622000
46.624000
46.624000
46.629000
46.631000
46.646000
46.646000
46.650000
46.652000
46.655000
46.656000
46.658000
46.672000
46.678000
46.685000
46.690000
46.691000
46.694000
46.710000
46.719000
46.726000
46.732000
46.733000
46.753000
46.754000
46.758000
46.761000
46.761000
46.766000
46.768000
46.770000
46.771000
46.779000
46.779000
46.785000
46.795000
46.795000
46.803000
46.806000
46.811000
46.815000
46.815000
46.818000
46.821000
46.826000
46.826000
46.826000
46.827000
46.833000
46.840000
46.844000
46.868000
46.868000
46.870000
46.875000
46.876000
46.878000
46.884000
46.886000
46.886000
46.888000
46.906000
46.910000
46.912000
46.921000
46.922000
46.925000
46.926000
46.926000
46.937000
46.939000
46.950000
46.960000
46.974000
46.975000
46.975000
46.985000
46.985000
46.992000
46.994000
47.003000
47.010000
47.013000
47.016000
47.021000
47.031000
47.034000
47.038000
47.058000
47.062000
47.064000
47.066000
47.067000
47.071000
47.072000
47.076000
47.079000
47.085000
47.093000
47.095000
47.111000
47.120000
47.121000
47.124000
47.140000
47.150000
47.150000
47.167000
47.190000
47.196000
47.199000
47.204000
47.216000
47.219000
47.232000
47.238000
47.255000
47.257000
47.258000
47.263000
47.263000
47.267000
47.268000
47.269000
47.272000
47.277000
47.282000
47.284000
47.295000
47.299000
47.299000
47.312000
47.315000
47.316000
47.317000
47.320000
47.325000
47.326000
47.327000
47.328000
47.335000
47.336000
47.337000
47.339000
47.340000
47.342000
47.345000
47.346000
47.349000
47.349000
47.355000
47.378000
47.379000
47.387000
47.392000
47.396000
47.398000
47.402000
47.412000
47.415000
47.420000
47.428000
47.429000
47.440000
47.447000
47.449000
47.452000
47.455000
47.455000
47.457000
47.458000
47.470000
47.476000
47.476000
47.478000
47.479000
47.479000
47.504000
47.510000
47.515000
47.523000
47.546000
47.558000
47.572000
47.577000
47.581000
47.587000
47.588000
47.595000
47.595000
47.598000
47.611000
47.615000
47.624000
47.625000
47.625000
47.626000
47.631000
47.634000
47.641000
47.642000
47.656000
47.656000
47.658000
47.666000
47.667000
47.672000
47.696000
47.699000
47.705000
47.710000
47.714000
47.720000
47.731000
47.743000
47.772000
47.779000
47.792000
47.792000
47.804000
47.809000
47.812000
47.823000
47.893000
47.914000
47.918000
47.933000
47.933000
47.957000
47.972000
47.983000
47.987000
47.993000
47.998000
48.003000
48.004000
48.010000
48.011000
48.020000
48.050000
48.057000
48.073000
48.082000
48.083000
48.086000
48.090000
48.093000
48.106000
48.108000
48.110000
48.116000
48.117000
48.121000
48.134000
48.136000
48.140000
48.141000
48.145000
48.150000
48.159000
48.168000
48.170000
48.172000
48.229000
48.229000
48.256000
48.262000
48.262000
48.270000
48.276000
48.289000
48.307000
48.320000
48.324000
48.326000
48.331000
48.334000
48.347000
48.360000
48.370000
48.372000
48.412000
48.423000
48.443000
48.444000
48.451000
48.466000
48.481000
48.482000
48.491000
48.491000
48.500000
48.501000
48.503000
48.515000
48.517000
48.518000
48.520000
48.525000
48.534000
48.536000
48.538000
48.539000
48.557000
48.570000
48.573000
48.588000
48.621000
48.647000
48.663000
48.696000
48.723000
48.727000
48.731000
48.740000
48.750000
48.751000
48.762000
48.766000
48.767000
48.787000
48.821000
48.838000
48.915000
48.963000
48.969000
49.307000
49.666000
49.718000
49.808000
49.890000
50.205000
50.337000
50.524000
50.637000
50.849000
51.057000
51.066000
51.166000
51.362000
51.401000
51.451000
51.477000
51.599000
51.604000
51.750000
51.902000
51.941000
51.981000
52.403000
52.415000
52.424000
52.509000
52.693000
52.756000
52.866000
52.930000
52.930000
53.004000
53.121000
53.183000
53.311000
53.321000
53.409000
53.630000
53.662000
53.704000
53.872000
53.882000
53.943000
54.273000
54.321000
54.403000
54.456000
54.536000
54.786000
54.791000
54.832000
55.038000
55.178000
55.211000
55.250000
55.264000
55.325000
55.418000
55.598000
55.702000
56.013000
61.390000
61.549000
61.711000
61.722000
61.730000
61.731000
61.826000
61.886000
61.986000
62.023000
62.100000
62.124000
62.137000
62.160000
62.245000
62.260000
62.276000
62.282000
62.288000
62.460000
62.606000
62.672000
62.777000
62.840000
62.878000
62.956000
62.965000
63.075000
63.091000
63.194000
63.194000
63.256000
63.968000
64.960000
66.068000
66.087000
66.105000
66.276000
66.337000
66.577000
66.802000
67.016000
67.521000
67.640000
67.725000
67.969000
68.015000
68.053000
68.221000
68.326000
68.458000
68.650000
68.662000
68.673000
68.725000
68.725000
68.818000
68.830000
68.836000
68.872000
68.908000
68.927000
69.147000
69.809000
69.817000
69.958000
70.191000
70.459000
70.852000
71.310000
