0.359376
0.351269
0.283443
0.405853
0.312872
0.314371
0.298074
0.324886
0.326224
0.315604
0.403604
0.425645
0.343652
0.307532
0.297565
0.318594
0.562349
0.361087
0.316203
0.577617
0.415648
0.648127
0.407484
0.311215
0.314065
0.312013
0.313144
0.307336
0.314643
0.564843
0.455189
0.0
0.32024
0.322197
0.477703
0.314571
0.381647
0.371793
0.316169
0.308145
0.311828
0.325711
0.470738
0.322328
0.3134
0.348241
0.325316
0.321122
0.308226
0.580098
0.31421
0.491238
0.590217
0.577785
0.482089
0.344801
0.357222
0.407796
0.292022
0.335616
0.317374
0.331555
0.496919
0.431425
0.509215
0.374399
0.378562
0.457226
0.389828
0.330384
0.321858
0.107159
0.0
0.0
0.0
0.0
0.0
0.0
0.0
0.0
0.0
0.0
0.0
0.0
0.0
0.0
0.0
0.0
0.0
0.0
0.0
0.0
0.0
0.0
0.0
0.0
0.0
0.0
0.039332
0.0
0.0
0.0
0.0
0.0
0.0
0.045483
0.0
0.0
0.0
0.0
0.0
0.050108
0.0
0.045817
0.0
0.0
0.0
0.0
0.038491
0.0
0.0
0.0
0.038987
0.037836
0.047676
0.047046
0.012067
0.088352
0.019345
0.026759
0.0
0.0
0.0
0.050276
0.0
0.0
0.0
0.0
0.0
0.0
0.0
0.0
0.0
0.0
0.0
0.0
0.0
0.165561
0.0
0.0
0.0
0.0
0.049992
0.043674
0.0
0.0
0.0
0.080772
0.0
0.0
0.0
0.087566
0.0
0.041123
0.0
0.0
0.0
0.377732
1.803935
3.367264
4.339172
5.341031
6.241171
6.497544
0.0
0.0
0.0
8.553993
8.912018
8.016907
8.590995
8.564878
8.607358
8.405797
8.738201
8.738552
8.895061
8.822197
8.676135
8.978771
8.568715
8.845718
4.434229
1.835392
5.133041
6.707559
9.175863
10.123145
8.354059
8.757128
8.512326
8.447103
6.754512
7.934273
8.500056
8.575261
8.510243
8.947909
8.459469
8.469826
7.606838
7.945531
7.728267
7.170406
5.589332
9.045008
8.788062
8.87809
8.635457
8.097852
8.754981
9.613223
9.383328
8.806827
8.063177
8.146822
8.518507
8.532862
9.189695
8.699516
8.246066
8.741888
8.58027
8.813503
8.721384
8.4597
8.54887
8.485178
8.464896
8.539943
8.429866
8.714664
8.894778
8.388514
8.505008
8.576849
8.421493
8.500941
8.596935
8.619102
8.506663
8.414594
8.819637
8.561261
8.405952
8.493134
8.569554
0.0
8.522211
8.409802
8.310399
8.419296
8.739629
8.594874
8.258667
7.685289
0.0
8.782443
8.670843
8.632974
8.625842
8.408975
8.20095
8.148454
8.58391
0.0
8.816317
8.618931
8.45432
8.677206
8.585631
8.677662
8.804957
8.665332
8.760866
8.606332
8.532395
8.433881
8.471459
8.753697
8.498538
10.047877
9.484185
9.348906
8.930806
9.768965
8.612749
9.234773
8.641274
8.77892
8.560128
8.317265
8.605597
8.756959
8.681993
8.431872
8.453639
8.59967
8.570599
8.498437
8.837326
8.535946
9.234364
9.157651
9.089245
8.904434
6.732264
9.211821
7.509192
9.834894
8.516618
8.67351
8.536804
8.480887
8.135971
8.652491
8.56646
8.625763
8.921629
8.72612
8.344224
8.471493
8.545515
8.395051
8.220669
8.723651
0.0
8.444839
8.672343
0.0
8.62063
8.410598
8.270643
8.547421
8.272548
8.761976
8.647124
0.0
8.826155
7.582155
8.147893
0.0
8.771821
9.082318
8.777828
0.0
8.718706
8.550356
8.471769
8.443989
8.725014
8.396071
8.537803
8.717875
8.40668
8.491524
8.541883
8.789021
8.529577
8.637929
8.561353
8.728681
0.0
0.0
3.458239
0.0
3.791228
5.986195
8.576479
10.126154
8.676762
9.281585
8.588586
9.829966
8.763098
8.812716
8.664753
8.581322
6.676595
8.731093
9.456579
8.804922
9.012697
8.978054
8.793506
8.759993
8.98083
8.724729
8.687163
8.547371
0.0
8.417378
8.339392
7.364156
9.331641
8.900578
8.696732
8.437108
8.728151
8.689379
8.495351
8.602874
8.641808
8.508673
8.753097
8.669381
8.662411
8.787204
7.69994
0.0
1.970783
5.443573
7.63065
4.890517
4.537501
4.242119
3.821507
5.358252
7.317777
6.310376
9.336778
9.349655
9.839264
9.601453
8.777203
8.599132
8.580129
8.727066
8.621608
8.656423
8.591207
8.834025
8.641405
8.413687
8.415054
8.550373
8.761932
8.519697
8.466623
9.009836
9.732606
9.518631
9.156499
0.0
8.593133
8.432918
8.370368
8.777519
8.471901
7.541649
8.023045
8.848062
8.356134
8.850227
8.891851
8.710816
8.550793
8.557017
8.889002
8.754001
8.404809
8.811539
8.643963
8.833292
10.117196
10.115881
9.060788
9.4337
9.339723
8.650794
8.531623
8.283876
8.460719
8.613639
8.489049
8.137609
7.665925
8.095647
7.494181
8.589121
9.625397
9.302689
9.557945
9.206699
9.277547
9.804416
9.889983
9.256576
9.059055
9.489614
9.953663
10.03011
9.487193
9.273575
9.493441
9.399168
9.339163
9.309387
9.01187
9.082896
9.357768
9.358951
9.607694
9.16874
9.42131
9.221042
9.414036
9.721648
10.118739
10.112137
10.118488
10.112077
10.118207
10.117626
10.11533
10.116181
10.098353
9.343877
9.906475
10.100107
9.34984
9.319015
9.262802
9.294626
9.304928
9.271227
9.332032
9.244116
4.533671
10.128462
5.227584
2.1639
6.109673
0.0
9.992957
10.129987
9.6001
9.765288
9.366978
9.273766
9.67336
9.959915
9.398029
9.256468
9.268726
9.436832
9.400561
9.312039
9.382455
9.248381
9.287112
9.4302
9.432744
9.425484
9.394491
9.366218
9.574632
0.0
9.387419
0.0
9.339942
9.594988
9.317528
10.022104
9.956043
10.114232
9.545004
7.826121
9.462836
10.078264
8.948807
8.482049
8.372494
8.590914
8.367021
8.143709
0.0
0.0
7.218223
6.884887
10.108744
9.56348
9.475048
8.861484
8.880967
8.465893
8.300795
9.031639
8.46882
8.660892
8.433395
8.774067
8.52387
8.385569
8.647819
8.54848
8.559103
8.767982
8.428451
8.430517
8.72263
8.573959
8.508689
6.907577
9.409927
8.208654
8.403479
9.483424
9.44749
8.610316
8.546631
9.103998
8.720301
8.896808
9.707432
8.741906
8.629609
8.587407
8.338202
8.70421
8.750827
8.235131
8.753471
8.758097
8.686486
8.686359
8.593
8.942368
8.934104
10.130622
9.482374
9.059286
9.692837
9.099844
8.801379
3.98417
2.124015
5.005769
5.593345
9.103903
8.10057
8.47536
9.340429
8.931444
6.639846
2.070113
4.549185
5.827156
3.458019
5.949391
10.114069
8.557725
8.637387
8.79098
8.652534
6.782093
0.0
8.502631
8.403892
8.687198
8.474548
8.634729
8.094598
9.548466
10.113643
9.33154
8.774751
8.48914
7.817832
8.087064
6.769986
8.438631
9.254572
8.330068
8.904558
9.991275
10.128777
10.135791
8.743764
8.983441
8.641354
8.846325
8.745245
8.585641
9.076318
8.283942
7.925126
8.945278
8.412786
8.736372
8.782961
8.666692
9.116821
8.901575
8.330729
8.559749
8.558601
8.478514
7.982869
8.499668
8.541638
8.43815
8.518596
8.868946
8.88823
8.840599
8.60721
8.465056
8.738509
8.633502
8.335101
9.007235
8.788731
8.662477
8.145732
7.23477
8.086067
9.037106
8.229026
8.400295
8.548957
7.121509
7.066294
10.115902
8.872081
8.265746
8.555713
7.736543
8.753465
9.626371
8.776666
7.55024
8.669239
8.423197
10.108344
8.882381
9.129276
8.872731
8.943629
9.32009
9.083294
9.230268
8.960889
9.553467
10.080702
9.20393
8.782881
9.140287
10.115391
9.631616
8.7768
8.709133
8.820204
8.728791
8.890052
8.670317
8.635812
8.553754
8.517212
8.80582
8.488169
8.520707
8.7039
8.681258
8.23873
8.592057
8.30286
8.455993
8.084181
6.690281
8.038445
6.798342
5.394543
