0,0
78.74,0.0
78.75,4999
78.751,4999
78.752,4999
78.753,4999
78.754,4999
78.755,4999
78.756,4999
78.757,4999
78.758,4999
78.759,4999
78.8,0.0
78.801,1.562
78.802,0.0
78.803,1.579
78.804,0.0
78.805,1.574
78.806,0.0
78.807,1.563
78.808,0.0
78.809,1.649
78.851,1.713
78.852,0.0
78.853,1.927
78.854,0.0
78.855,2.372
78.856,0.0
78.857,1.828
78.858,0.0
78.859,1.945
78.9,0.0
78.901,1.963
78.902,0.0
78.903,1.935
78.904,0.0
78.905,1.915
78.906,0.0
78.907,1.868
78.908,0.0
78.909,1.946
78.95,0.0
78.951,1.928
78.952,0.0
78.953,1.901
78.954,0.0
78.955,1.919
78.956,0.0
78.957,1.914
78.958,0.0
78.959,1.839
78.96,0.0
79.0,4999
79.001,4999
79.002,4999
79.003,4999
79.004,4999
79.005,4999
79.006,4999
79.007,4999
79.008,4999
79.009,4999
79.05,0.0
79.051,1.866
79.052,0.0
79.053,1.854
79.054,0.0
79.055,1.834
79.056,0.0
79.057,1.805
79.058,0.0
79.059,1.846
79.101,1.902
79.102,0.0
79.103,1.93
79.104,0.0
79.105,1.934
79.106,0.0
79.107,1.899
79.108,0.0
79.109,1.951
79.15,0.0
79.151,1.919
79.152,0.0
79.153,1.954
79.154,0.0
79.155,1.885
79.156,0.0
79.157,1.908
79.158,0.0
79.159,1.903
79.2,0.0
79.201,1.879
79.202,0.0
79.203,1.937
79.204,0.0
79.205,1.909
79.206,0.0
79.207,1.881
79.208,0.0
79.209,1.865
79.21,0.0
79.25,4999
79.251,4999
79.252,4999
79.253,4999
79.254,4999
79.255,4999
79.256,4999
79.257,4999
79.258,4999
79.259,4999
79.3,0.0
79.301,1.556
79.302,0.0
79.303,1.573
79.304,0.0
79.305,1.587
79.306,0.0
79.307,1.568
79.308,0.0
79.309,1.586
79.351,1000.206
79.352,0.0
79.353,1.722
79.354,0.0
79.355,1.816
79.356,0.0
79.357,1.945
79.358,0.0
79.359,999.081
79.4,0.0
79.401,1.587
79.402,0.0
79.403,1.618
79.404,0.0
79.405,1.931
79.406,0.0
79.407,1.804
79.408,0.0
79.409,1.684
79.45,0.0
79.451,1.989
79.452,0.0
79.453,1.888
79.454,0.0
79.455,1.931
79.456,0.0
79.457,1.912
79.458,0.0
79.459,1.898
79.46,0.0
79.5,4999
79.501,4999
79.502,4999
79.503,4999
79.504,4999
79.505,4999
79.506,4999
79.507,4999
79.508,4999
79.509,4999
79.55,0.0
79.551,1.849
79.552,0.0
79.553,1.857
79.554,0.0
79.555,1.815
79.556,0.0
79.557,1.914
79.558,0.0
79.559,1.861
79.601,1.922
79.602,0.0
79.603,1.939
79.604,0.0
79.605,1.912
79.606,0.0
79.607,1.849
79.608,0.0
79.609,1.652
79.65,0.0
79.651,1.947
79.652,0.0
79.653,1.923
79.654,0.0
79.655,1000.821
79.656,0.0
79.657,1.859
79.658,0.0
79.659,1.899
79.7,0.0
79.701,1.843
79.702,0.0
79.703,1.844
79.704,0.0
79.705,998.209
79.706,0.0
79.707,1.877
79.708,0.0
79.709,1.877
79.71,0.0
79.75,4999
79.751,4999
79.752,4999
79.753,4999
79.754,4999
79.755,4999
79.756,4999
79.757,4999
79.758,4999
79.759,4999
79.76,0.0
79.761,1.884
79.762,0.0
79.763,1.862
79.764,0.0
79.765,1.854
79.766,0.0
79.767,1.932
79.768,0.0
79.769,1.913
79.8,0.0
79.801,1.562
79.802,0.0
79.803,1.628
79.804,0.0
79.805,1.57
79.806,0.0
79.807,1.616
79.808,0.0
79.809,1.916
79.81,3999
79.811,3999
79.812,3999
79.813,3999
79.814,3999
79.815,3999
79.816,3999
79.817,3999
79.818,3999
79.819,3999
79.82,3999
79.851,1.564
79.852,0.0
79.853,1.587
79.854,0.0
79.855,1.853
79.856,0.0
79.857,1.885
79.858,0.0
79.859,1.871
79.86,0.0
79.861,1.905
79.862,0.0
79.863,1.953
79.864,0.0
79.865,1.845
79.866,0.0
79.867,1.646
79.868,0.0
79.869,1.562
79.9,0.0
79.901,1.961
79.902,0.0
79.903,2.039
79.904,0.0
79.905,1.699
79.906,0.0
79.907,1.546
79.908,0.0
79.909,1.666
79.91,0.0
79.911,1.904
79.912,0.0
79.913,1.902
79.914,0.0
79.915,1.909
79.916,0.0
79.917,1.915
79.918,0.0
79.919,998.357
79.95,0.0
79.951,1.9
79.952,0.0
79.953,1.907
79.954,0.0
79.955,1.909
79.956,0.0
79.957,1.911
79.958,0.0
79.959,1.859
79.96,0.0
79.961,1.826
79.962,0.0
79.963,1.867
79.964,0.0
79.965,1.925
79.966,0.0
79.967,1.866
79.968,0.0
79.969,1.891
80.0,4999
80.001,4999
80.002,4999
80.003,4999
80.004,4999
80.005,4999
80.006,4999
80.007,4999
80.008,4999
80.009,4999
80.01,0.0
80.011,1.942
80.012,0.0
80.013,1.891
80.014,0.0
80.015,1.863
80.016,0.0
80.017,1.863
80.018,0.0
80.019,1.933
80.05,0.0
80.051,1.934
80.052,0.0
80.053,1.849
80.054,0.0
80.055,1.833
80.056,0.0
80.057,1.9
80.058,0.0
80.059,1.853
80.06,0.0
80.061,1.887
80.062,0.0
80.063,1.907
80.064,0.0
80.065,1.878
80.066,0.0
80.067,1.899
80.068,0.0
80.069,1.909
80.07,0.0
80.101,1.886
80.102,0.0
80.103,1.871
80.104,0.0
80.105,1.915
80.106,0.0
80.107,1.959
80.108,0.0
80.109,1.83
80.11,3999
80.111,3999
80.112,3999
80.113,3999
80.114,3999
80.115,3999
80.116,3999
80.117,3999
80.118,3999
80.119,3999
80.15,0.0
80.151,1.883
80.152,0.0
80.153,1.894
80.154,0.0
80.155,1.886
80.156,0.0
80.157,1.903
80.158,0.0
80.159,1.857
80.16,0.0
80.161,1.852
80.162,0.0
80.163,1.765
80.164,0.0
80.165,1.581
80.166,0.0
80.167,1.675
80.168,0.0
80.169,1.519
80.2,0.0
80.201,1.911
80.202,0.0
80.203,1.9
80.204,0.0
80.205,1.893
80.206,0.0
80.207,1.93
80.208,0.0
80.209,1.907
80.21,0.0
80.211,1.921
80.212,0.0
80.213,1.907
80.214,0.0
80.215,1.9
80.216,0.0
80.217,1.873
80.218,0.0
80.219,1.959
80.25,4999
80.251,4999
80.252,4999
80.253,4999
80.254,4999
80.255,4999
80.256,4999
80.257,4999
80.258,4999
80.259,4999
80.26,0.0
80.261,1.866
80.262,0.0
80.263,1.897
80.264,0.0
80.265,1.94
80.266,0.0
80.267,1.825
80.268,0.0
80.269,1.699
80.3,0.0
80.301,1.918
80.302,0.0
80.303,1.931
80.304,0.0
80.305,1.892
80.306,0.0
80.307,1.899
80.308,0.0
80.309,1.912
80.31,0.0
80.311,1.864
80.312,0.0
80.313,1.984
80.314,0.0
80.315,1.892
80.316,0.0
80.317,1.939
80.318,0.0
80.319,1.873
80.32,0.0
80.351,1.901
80.352,0.0
80.353,1.898
80.354,0.0
80.355,1.822
80.356,0.0
80.357,1.612
80.358,0.0
80.359,1.579
80.36,0.0
80.361,1.565
80.362,0.0
80.363,1.577
80.364,0.0
80.365,1.741
80.366,0.0
80.367,1.812
80.368,0.0
80.369,1.858
80.4,0.0
80.401,1.863
80.402,0.0
80.403,1.85
80.404,0.0
80.405,1.847
80.406,0.0
80.407,1.851
80.408,0.0
80.409,999.113
80.41,3999
80.411,3999
80.412,3999
80.413,3999
80.414,3999
80.415,3999
80.416,3999
80.417,3999
80.418,3999
80.419,3999
80.45,0.0
80.451,1.986
80.452,0.0
80.453,1.919
80.454,0.0
80.455,1.85
80.456,0.0
80.457,1.847
80.458,0.0
80.459,1000.35
80.46,0.0
80.461,1.825
80.462,0.0
80.463,1.871
80.464,0.0
80.465,1.922
80.466,0.0
80.467,1.922
80.468,0.0
80.469,1.934
80.5,4999
80.501,4999
80.502,4999
80.503,4999
80.504,4999
80.505,4999
80.506,4999
80.507,4999
80.508,4999
80.509,4999
80.51,0.0
80.511,1.969
80.512,0.0
80.513,1.868
80.514,0.0
80.515,1.884
80.516,0.0
80.517,1.883
80.518,0.0
80.519,1.965
80.55,0.0
80.551,1.717
80.552,0.0
80.553,1.614
80.554,0.0
80.555,1.621
80.556,0.0
80.557,1.53
80.558,0.0
80.559,1.56
80.56,0.0
80.561,1.593
80.562,0.0
80.563,1.969
80.564,0.0
80.565,2.19
80.566,0.0
80.567,1.877
80.568,0.0
80.569,1.925
80.57,0.0
80.601,1.633
80.602,0.0
80.603,1.837
80.604,0.0
80.605,1.988
80.606,0.0
80.607,1.734
80.608,0.0
80.609,1.66
80.61,0.0
80.611,1.716
80.612,0.0
80.613,1.954
80.614,0.0
80.615,1.864
80.616,0.0
80.617,1.839
80.618,0.0
80.619,1.854
80.65,0.0
80.651,1.505
80.652,0.0
80.653,1.518
80.654,0.0
80.655,1.548
80.656,0.0
80.657,1.58
80.658,0.0
80.659,1.62
80.66,0.0
80.661,1.71
80.662,0.0
80.663,1.905
80.664,0.0
80.665,1.784
80.666,0.0
80.667,1.612
80.668,0.0
80.669,1.657
80.7,0.0
80.701,1.865
80.702,0.0
80.703,1.863
80.704,0.0
80.705,1.899
80.706,0.0
80.707,1.868
80.708,0.0
80.709,1.89
80.71,0.0
80.711,3999
80.712,3999
80.713,3999
80.714,3999
80.715,3999
80.716,3999
80.717,3999
80.718,3999
80.719,3999
80.75,4999
80.751,4999
80.752,4999
80.753,4999
80.754,4999
80.755,4999
80.756,4999
80.757,4999
80.758,4999
80.759,4999
80.76,0.0
80.761,11.871
80.762,0.0
80.763,9.754
80.764,0.0
80.765,7.608
80.766,0.0
80.767,5.387
80.768,0.0
80.769,3.511
80.77,0.0
80.771,1.849
80.772,0.0
80.773,1.906
80.774,0.0
80.775,1.892
80.776,0.0
80.777,1.895
80.778,0.0
80.779,1.92
80.78,0.0
80.781,1.915
80.782,0.0
80.783,1.927
80.784,0.0
80.785,1.897
80.786,0.0
80.787,1.921
80.788,0.0
80.789,4997.202
80.8,0.0
80.801,1.913
80.802,0.0
80.803,1.908
80.804,0.0
80.805,1.892
80.806,0.0
80.807,1.986
80.808,0.0
80.809,1.849
80.81,0.0
80.811,1.844
80.812,0.0
80.813,1.907
80.814,0.0
80.815,1.846
80.816,0.0
80.817,1001.014
80.818,0.0
80.819,2.177
80.82,0.0
80.821,2.617
80.822,0.0
80.823,2.243
80.824,0.0
80.825,1.838
80.826,0.0
80.827,1.871
80.828,0.0
80.829,2.136
80.83,1999
80.831,1999
80.832,1999
80.833,1999
80.834,1999
80.835,1999
80.836,1999
80.837,1999
80.838,1999
80.839,1999
80.851,1.917
80.852,0.0
80.853,1.977
80.854,0.0
80.855,1.905
80.856,0.0
80.857,1.967
80.858,0.0
80.859,1.938
80.86,0.0
80.861,1.889
80.862,0.0
80.863,1.805
80.864,0.0
80.865,1.868
80.866,0.0
80.867,1.84
80.868,0.0
80.869,1.888
80.87,2999
80.871,2999
80.872,2999
80.873,2999
80.874,2999
80.875,2999
80.876,2999
80.877,2999
80.878,2999
80.879,2999
80.88,0.0
80.881,1.917
80.882,0.0
80.883,5000.369
80.884,0.0
80.885,1.972
80.886,0.0
80.887,1.954
80.888,0.0
80.889,1.872
80.9,0.0
80.901,1.921
80.902,0.0
80.903,1.938
80.904,0.0
80.905,1.965
80.906,0.0
80.907,1.944
80.908,0.0
80.909,1.912
80.91,0.0
80.911,1.884
80.912,0.0
80.913,1.897
80.914,0.0
80.915,1.903
80.916,0.0
80.917,1.939
80.918,0.0
80.919,1.91
80.92,0.0
80.921,1.913
80.922,0.0
80.923,1.948
80.924,0.0
80.925,1.937
80.926,0.0
80.927,1.951
80.928,0.0
80.929,1.927
80.93,0.0
80.931,1.947
80.932,0.0
80.933,1.919
80.934,0.0
80.935,1.944
80.936,0.0
80.937,1.96
80.938,0.0
80.939,1.938
80.95,0.0
80.951,1.616
80.952,0.0
80.953,1.562
80.954,0.0
80.955,1.792
80.956,0.0
80.957,1.931
80.958,0.0
80.959,1.698
80.96,0.0
80.961,1.586
80.962,0.0
80.963,1001.101
80.964,0.0
80.965,1.63
80.966,0.0
80.967,1.919
80.968,0.0
80.969,1.874
80.97,0.0
80.971,1.873
80.972,0.0
80.973,1.907
80.974,0.0
80.975,1.845
80.976,0.0
80.977,1001.603
80.978,0.0
80.979,1.853
80.98,0.0
80.981,1.818
80.982,0.0
80.983,1.898
80.984,0.0
80.985,1.866
80.986,0.0
80.987,1.841
80.988,0.0
80.989,1.832
80.99,0.0
81.0,4999
81.001,4999
81.002,4999
81.003,4999
81.004,4999
81.005,4999
81.006,4999
81.007,4999
81.008,4999
81.009,4999
81.01,3999
81.011,3999
81.012,3999
81.013,3999
81.014,3999
81.015,3999
81.016,3999
81.017,3999
81.018,3999
81.019,3999
81.02,0.0
81.021,1.921
81.022,0.0
81.023,4998.979
81.024,0.0
81.025,1.914
81.026,0.0
81.027,1.903
81.028,0.0
81.029,1.891
81.03,0.0
81.031,1.796
81.032,0.0
81.033,1.939
81.034,0.0
81.035,1.905
81.036,0.0
81.037,1.906
81.038,0.0
81.039,1.905
81.05,0.0
81.051,1.593
81.052,0.0
81.053,1.606
81.054,0.0
81.055,1.577
81.056,0.0
81.057,1.598
81.058,0.0
81.059,1.588
81.06,0.0
81.061,1.617
81.062,0.0
81.063,4999.113
81.064,0.0
81.065,1.817
81.066,0.0
81.067,1.635
81.068,0.0
81.069,1.558
81.07,0.0
81.071,1.528
81.072,0.0
81.073,1.531
81.074,0.0
81.075,1.588
81.076,0.0
81.077,1.577
81.078,0.0
81.079,1.602
81.08,0.0
81.081,1.532
81.082,0.0
81.083,1.629
81.084,0.0
81.085,1.706
81.086,0.0
81.087,1.852
81.088,0.0
81.089,1.933
81.101,1.987
81.102,0.0
81.103,1.956
81.104,0.0
81.105,1.894
81.106,0.0
81.107,1.856
81.108,0.0
81.109,1.846
81.11,0.0
81.111,1.84
81.112,0.0
81.113,1.892
81.114,0.0
81.115,1.908
81.116,0.0
81.117,1.889
81.118,0.0
81.119,1.881
81.12,0.0
81.121,1.854
81.122,0.0
81.123,1.893
81.124,0.0
81.125,1.839
81.126,0.0
81.127,1.971
81.128,0.0
81.129,1.957
81.13,0.0
81.131,1.867
81.132,0.0
81.133,1.878
81.134,0.0
81.135,1.859
81.136,0.0
81.137,1.848
81.138,0.0
81.139,1.945
81.15,0.0
81.151,4998.6
81.152,0.0
81.153,1.888
81.154,0.0
81.155,1.944
81.156,0.0
81.157,1.972
81.158,0.0
81.159,1.877
81.16,0.0
81.161,1.867
81.162,0.0
81.163,2.033
81.164,0.0
81.165,1.989
81.166,0.0
81.167,1.945
81.168,0.0
81.169,1.897
81.17,0.0
81.171,1.904
81.172,0.0
81.173,1.956
81.174,0.0
81.175,1.874
81.176,0.0
81.177,1.903
81.178,0.0
81.179,1.888
81.18,0.0
81.181,1.887
81.182,0.0
81.183,1.879
81.184,0.0
81.185,1.922
81.186,0.0
81.187,1.937
81.188,0.0
81.189,1.93
81.2,0.0
81.201,1.909
81.202,0.0
81.203,1.923
81.204,0.0
81.205,1.897
81.206,0.0
81.207,1.959
81.208,0.0
81.209,1.914
81.21,0.0
81.211,1.934
81.212,0.0
81.213,1.937
81.214,0.0
81.215,1.823
81.216,0.0
81.217,1.681
81.218,0.0
81.219,1.611
81.22,2999
81.221,2999
81.222,2999
81.223,2999
81.224,2999
81.225,2999
81.226,2999
81.227,2999
81.228,2999
81.229,2999
81.23,1999
81.231,1999
81.232,1999
81.233,1999
81.234,1999
81.235,1999
81.236,1999
81.237,1999
81.238,1999
81.239,1999
81.24,1999
81.25,4999
81.251,4999
81.252,4999
81.253,4999
81.254,4999
81.255,4999
81.256,4999
81.257,4999
81.258,4999
81.259,4999
81.26,0.0
81.261,1.868
81.262,0.0
81.263,1.846
81.264,0.0
81.265,1.88
81.266,0.0
81.267,2.0
81.268,0.0
81.269,2.013
81.27,0.0
81.271,1.718
81.272,0.0
81.273,1.926
81.274,0.0
81.275,1.901
81.276,0.0
81.277,1.894
81.278,0.0
81.279,998.667
81.28,0.0
81.281,1.901
81.282,0.0
81.283,1.909
81.284,0.0
81.285,1.907
81.286,0.0
81.287,1.904
81.288,0.0
81.289,1.879
81.3,0.0
81.301,1.913
81.302,0.0
81.303,1.901
81.304,0.0
81.305,1.943
81.306,0.0
81.307,1.899
81.308,0.0
81.309,1.95
81.31,3999
81.311,3999
81.312,3999
81.313,3999
81.314,3999
81.315,3999
81.316,3999
81.317,3999
81.318,3999
81.319,3999
81.32,3999
81.321,1.888
81.322,0.0
81.323,1.887
81.324,0.0
81.325,1.807
81.326,0.0
81.327,1.811
81.328,0.0
81.329,1.858
81.33,0.0
81.331,1.891
81.332,0.0
81.333,1.873
81.334,0.0
81.335,1.892
81.336,0.0
81.337,1.931
81.338,0.0
81.339,1.918
81.351,1.913
81.352,0.0
81.353,1.909
81.354,0.0
81.355,1.919
81.356,0.0
81.357,1.881
81.358,0.0
81.359,1.931
81.36,0.0
81.361,1.909
81.362,0.0
81.363,1.852
81.364,0.0
81.365,1.979
81.366,0.0
81.367,1.928
81.368,0.0
81.369,1.843
81.37,0.0
81.371,1.892
81.372,0.0
81.373,1.939
81.374,0.0
81.375,1.892
81.376,0.0
81.377,1.895
81.378,0.0
81.379,1.862
81.38,0.0
81.381,1.882
81.382,0.0
81.383,1.908
81.384,0.0
81.385,1.882
81.386,0.0
81.387,1.934
81.388,0.0
81.389,1.915
81.4,0.0
81.401,1.914
81.402,0.0
81.403,1.922
81.404,0.0
81.405,1.907
81.406,0.0
81.407,1.907
81.408,0.0
81.409,1.862
81.41,0.0
81.411,1.915
81.412,0.0
81.413,2.001
81.414,0.0
81.415,1.858
81.416,0.0
81.417,1.844
81.418,0.0
81.419,1.904
81.42,0.0
81.421,1.953
81.422,0.0
81.423,1.968
81.424,0.0
81.425,1.931
81.426,0.0
81.427,1.887
81.428,0.0
81.429,1.914
81.43,0.0
81.431,1.856
81.432,0.0
81.433,1.854
81.434,0.0
81.435,1.917
81.436,0.0
81.437,1.78
81.438,0.0
81.439,1.85
81.45,0.0
81.451,1.817
81.452,0.0
81.453,1.857
81.454,0.0
81.455,1.793
81.456,0.0
81.457,1.822
81.458,0.0
81.459,1.833
81.46,0.0
81.461,1.859
81.462,0.0
81.463,1.808
81.464,0.0
81.465,1.808
81.466,0.0
81.467,1.842
81.468,0.0
81.469,1.819
81.47,0.0
81.471,1.858
81.472,0.0
81.473,2.432
81.474,0.0
81.475,1.788
81.476,0.0
81.477,1.843
81.478,0.0
81.479,1.858
81.48,0.0
81.481,1.858
81.482,0.0
81.483,1.833
81.484,0.0
81.485,1.804
81.486,0.0
81.487,1.673
81.488,0.0
81.489,1.809
81.49,0.0
81.5,4999
81.501,4999
81.502,4999
81.503,4999
81.504,4999
81.505,4999
81.506,4999
81.507,4999
81.508,4999
81.509,4999
81.51,0.0
81.511,2.088
81.512,0.0
81.513,1.925
81.514,0.0
81.515,1.955
81.516,0.0
81.517,1.895
81.518,0.0
81.519,1.939
81.52,0.0
81.521,1.892
81.522,0.0
81.523,1.931
81.524,0.0
81.525,1.876
81.526,0.0
81.527,1.924
81.528,0.0
81.529,1.873
81.53,0.0
81.531,1.9
81.532,0.0
81.533,1.87
81.534,0.0
81.535,1.938
81.536,0.0
81.537,1.922
81.538,0.0
81.539,1.893
81.55,0.0
81.551,1.866
81.552,0.0
81.553,1.937
81.554,0.0
81.555,1.918
81.556,0.0
81.557,1.984
81.558,0.0
81.559,1.967
81.56,0.0
81.561,1.978
81.562,0.0
81.563,1.936
81.564,0.0
81.565,1.94
81.566,0.0
81.567,1.871
81.568,0.0
81.569,1.786
81.57,0.0
81.571,2999
81.572,2999
81.573,2999
81.574,2999
81.575,2999
81.576,2999
81.577,2999
81.578,2999
81.579,2999
81.58,0.0
81.581,1.916
81.582,0.0
81.583,1.905
81.584,0.0
81.585,1.923
81.586,0.0
81.587,1.875
81.588,0.0
81.589,1.9
81.601,1.873
81.602,0.0
81.603,1.848
81.604,0.0
81.605,1.846
81.606,0.0
81.607,1.879
81.608,0.0
81.609,1.831
81.61,3999
81.611,3999
81.612,3999
81.613,3999
81.614,3999
81.615,3999
81.616,3999
81.617,3999
81.618,3999
81.619,3999
81.62,0.0
81.621,1.626
81.622,0.0
81.623,1.524
81.624,0.0
81.625,1.556
81.626,0.0
81.627,1.788
81.628,0.0
81.629,1.861
81.63,1999
81.631,1999
81.632,1999
81.633,1999
81.634,1999
81.635,1999
81.636,1999
81.637,1999
81.638,1999
81.639,1999
81.65,0.0
81.651,1.91
81.652,0.0
81.653,1.978
81.654,0.0
81.655,1.968
81.656,0.0
81.657,1.901
81.658,0.0
81.659,1.861
81.66,0.0
81.661,1.79
81.662,0.0
81.663,1.93
81.664,0.0
81.665,1.937
81.666,0.0
81.667,1.885
81.668,0.0
81.669,1.936
81.67,0.0
81.671,1.953
81.672,0.0
81.673,1.916
81.674,0.0
81.675,1.927
81.676,0.0
81.677,1.898
81.678,0.0
81.679,1.747
81.68,0.0
81.681,1.513
81.682,0.0
81.683,1.577
81.684,0.0
81.685,1.596
81.686,0.0
81.687,1.929
81.688,0.0
81.689,1.904
81.7,0.0
81.701,2.027
81.702,0.0
81.703,1.885
81.704,0.0
81.705,1.968
81.706,0.0
81.707,1.84
81.708,0.0
81.709,1.869
81.71,0.0
81.711,1.884
81.712,0.0
81.713,1.885
81.714,0.0
81.715,1.876
81.716,0.0
81.717,1.885
81.718,0.0
81.719,1.907
81.72,0.0
81.721,1.927
81.722,0.0
81.723,1.938
81.724,0.0
81.725,1.668
81.726,0.0
81.727,1001.544
81.728,0.0
81.729,1.947
81.73,0.0
81.731,1.99
81.732,0.0
81.733,1.9
81.734,0.0
81.735,1.913
81.736,0.0
81.737,1.97
81.738,0.0
81.739,1.916
81.74,0.0
81.741,1.91
81.742,0.0
81.743,1.892
81.744,0.0
81.745,1.961
81.746,0.0
81.747,999.688
81.748,0.0
81.749,1.931
81.75,4999
81.751,4999
81.752,4999
81.753,4999
81.754,4999
81.755,4999
81.756,4999
81.757,4999
81.758,4999
81.759,4999
81.76,0.0
81.761,1.88
81.762,0.0
81.763,1.865
81.764,0.0
81.765,1.876
81.766,0.0
81.767,1.924
81.768,0.0
81.769,4999.273
81.77,0.0
81.771,1.854
81.772,0.0
81.773,1.81
81.774,0.0
81.775,1.785
81.776,0.0
81.777,1.502
81.778,0.0
81.779,1.569
81.78,0.0
81.781,1.622
81.782,0.0
81.783,1.858
81.784,0.0
81.785,1.944
81.786,0.0
81.787,1.856
81.788,0.0
81.789,1.885
81.79,0.0
81.791,1.794
81.792,0.0
81.793,1.885
81.794,0.0
81.795,1.909
81.796,0.0
81.797,1.905
81.798,0.0
81.799,1.862
81.8,0.0
81.801,1.892
81.802,0.0
81.803,1.949
81.804,0.0
81.805,5.098
81.806,0.0
81.807,3.191
81.808,0.0
81.809,1.834
81.81,0.0
81.811,1.934
81.812,0.0
81.813,1.908
81.814,0.0
81.815,1.941
81.816,0.0
81.817,1.895
81.818,0.0
81.819,1.936
81.82,0.0
81.821,1.953
81.822,0.0
81.823,1.964
81.824,0.0
81.825,1.846
81.826,0.0
81.827,1.905
81.828,0.0
81.829,1.949
81.83,0.0
81.831,1.896
81.832,0.0
81.833,1.905
81.834,0.0
81.835,1.939
81.836,0.0
81.837,1.924
81.838,0.0
81.839,1.915
81.84,0.0
81.841,1.925
81.842,0.0
81.843,1.875
81.844,0.0
81.845,1.978
81.846,0.0
81.847,1.92
81.848,0.0
81.849,1.889
81.85,0.0
81.851,1.906
81.852,0.0
81.853,1.902
81.854,0.0
81.855,1.916
81.856,0.0
81.857,1.941
81.858,0.0
81.859,1.923
81.86,0.0
81.861,1.911
81.862,0.0
81.863,1.578
81.864,0.0
81.865,1.603
81.866,0.0
81.867,1.891
81.868,0.0
81.869,1000.503
81.87,0.0
81.871,1.86
81.872,0.0
81.873,1.888
81.874,0.0
81.875,1.942
81.876,0.0
81.877,1.914
81.878,0.0
81.879,1.897
81.88,0.0
81.881,1.654
81.882,0.0
81.883,1.564
81.884,0.0
81.885,1.572
81.886,0.0
81.887,1.855
81.888,0.0
81.889,1.845
81.89,0.0
81.891,1.624
81.892,0.0
81.893,1.598
81.894,0.0
81.895,1.603
81.896,0.0
81.897,1.914
81.898,0.0
81.899,1.651
81.9,0.0
81.901,1.57
81.902,0.0
81.903,1.597
81.904,0.0
81.905,1.57
81.906,0.0
81.907,1.557
81.908,0.0
81.909,1.577
81.91,3999
81.911,3999
81.912,3999
81.913,3999
81.914,3999
81.915,3999
81.916,3999
81.917,3999
81.918,3999
81.919,3999
81.92,2999
81.921,2999
81.922,2999
81.923,2999
81.924,2999
81.925,2999
81.926,2999
81.927,2999
81.928,2999
81.929,2999
81.93,0.0
81.931,1.876
81.932,0.0
81.933,1.916
81.934,0.0
81.935,1.896
81.936,0.0
81.937,1.929
81.938,0.0
81.939,1.887
81.94,999
81.941,999
81.942,999
81.943,999
81.944,999
81.945,999
81.946,999
81.947,999
81.948,999
81.949,999
81.95,0.0
81.951,1.895
81.952,0.0
81.953,1.751
81.954,0.0
81.955,1.924
81.956,0.0
81.957,2.155
81.958,0.0
81.959,1.932
81.96,0.0
81.961,1.883
81.962,0.0
81.963,1.914
81.964,0.0
81.965,1.92
81.966,0.0
81.967,1.986
81.968,0.0
81.969,1.921
81.97,0.0
81.971,1.898
81.972,0.0
81.973,1.958
81.974,0.0
81.975,1.859
81.976,0.0
81.977,1.868
81.978,0.0
81.979,1.872
81.98,0.0
81.981,1.923
81.982,0.0
81.983,1.89
81.984,0.0
81.985,1.97
81.986,0.0
81.987,1.874
81.988,0.0
81.989,1.89
81.99,0.0
81.991,2.052
81.992,0.0
81.993,1.903
81.994,0.0
81.995,1.891
81.996,0.0
81.997,1.893
81.998,0.0
81.999,1.954
82.0,4999
82.001,4999
82.002,4999
82.003,4999
82.004,4999
82.005,4999
82.006,4999
82.007,4999
82.008,4999
82.009,4999
82.01,0.0
82.011,1.878
82.012,0.0
82.013,1.995
82.014,0.0
82.015,1.922
82.016,0.0
82.017,1.867
82.018,0.0
82.019,1.68
82.02,0.0
82.021,1.624
82.022,0.0
82.023,1.581
82.024,0.0
82.025,1.779
82.026,0.0
82.027,1.906
82.028,0.0
82.029,1.87
82.03,1999
82.031,1999
82.032,1999
82.033,1999
82.034,1999
82.035,1999
82.036,1999
82.037,1999
82.038,1999
82.039,1999
82.04,0.0
82.041,1.915
82.042,0.0
82.043,1.92
82.044,0.0
82.045,1.925
82.046,0.0
82.047,1.71
82.048,0.0
82.049,1.894
82.05,0.0
82.051,1.648
82.052,0.0
82.053,1.528
82.054,0.0
82.055,1.571
82.056,0.0
82.057,1.649
82.058,0.0
82.059,1.596
82.06,0.0
82.061,1.639
82.062,0.0
82.063,1.746
82.064,0.0
82.065,1.647
82.066,0.0
82.067,1.607
82.068,0.0
82.069,1.578
82.07,0.0
82.071,1.543
82.072,0.0
82.073,1.602
82.074,0.0
82.075,1.563
82.076,0.0
82.077,1.617
82.078,0.0
82.079,1.818
82.08,0.0
82.081,1.948
82.082,0.0
82.083,1.841
82.084,0.0
82.085,1.837
82.086,0.0
82.087,1.864
82.088,0.0
82.089,1.822
82.09,0.0
82.091,2.022
82.092,0.0
82.093,1.813
82.094,0.0
82.095,1.955
82.096,0.0
82.097,1.925
82.098,0.0
82.099,1.915
82.1,0.0
82.101,1.861
82.102,0.0
82.103,1.737
82.104,0.0
82.105,1.932
82.106,0.0
82.107,1.904
82.108,0.0
82.109,1.982
82.11,0.0
82.111,1.832
82.112,0.0
82.113,1.913
82.114,0.0
82.115,1.875
82.116,0.0
82.117,1.889
82.118,0.0
82.119,1.874
82.12,0.0
82.121,1.808
82.122,0.0
82.123,1.923
82.124,0.0
82.125,1.868
82.126,0.0
82.127,1.813
82.128,0.0
82.129,1.922
82.13,0.0
82.131,1.912
82.132,0.0
82.133,1.916
82.134,0.0
82.135,1.917
82.136,0.0
82.137,1.98
82.138,0.0
82.139,1.911
82.14,0.0
82.141,1.867
82.142,0.0
82.143,1.899
82.144,0.0
82.145,1.92
82.146,0.0
82.147,1.93
82.148,0.0
82.149,1.929
82.15,0.0
82.151,1.917
82.152,0.0
82.153,1.888
82.154,0.0
82.155,1.991
82.156,0.0
82.157,1.649
82.158,0.0
82.159,1.594
82.16,0.0
82.161,1.558
82.162,0.0
82.163,1.556
82.164,0.0
82.165,1.565
82.166,0.0
82.167,1.526
82.168,0.0
82.169,1.548
82.17,0.0
82.171,1.532
82.172,0.0
82.173,1.523
82.174,0.0
82.175,1.916
82.176,0.0
82.177,1.715
82.178,0.0
82.179,1.539
82.18,0.0
82.181,1.54
82.182,0.0
82.183,1003.908
82.184,0.0
82.185,1.744
82.186,0.0
82.187,1.763
82.188,0.0
82.189,1.826
82.19,0.0
82.191,1.771
82.192,0.0
82.193,1.837
82.194,0.0
82.195,1.691
82.196,0.0
82.197,1.912
82.198,0.0
82.199,1.94
82.2,0.0
82.201,1.931
82.202,0.0
82.203,1.901
82.204,0.0
82.205,1.868
82.206,0.0
82.207,1.972
82.208,0.0
82.209,1.852
82.21,3999
82.211,3999
82.212,3999
82.213,3999
82.214,3999
82.215,3999
82.216,3999
82.217,3999
82.218,3999
82.219,3999
82.22,0.0
82.221,1.886
82.222,0.0
82.223,1.915
82.224,0.0
82.225,1.889
82.226,0.0
82.227,1.922
82.228,0.0
82.229,1.905
82.23,0.0
82.231,1.857
82.232,0.0
82.233,1.867
82.234,0.0
82.235,1.88
82.236,0.0
82.237,1.841
82.238,0.0
82.239,1.896
82.24,0.0
82.241,1.901
82.242,0.0
82.243,1.88
82.244,0.0
82.245,1.854
82.246,0.0
82.247,2.045
82.248,0.0
82.249,2.11
82.25,4999
82.251,4999
82.252,4999
82.253,4999
82.254,4999
82.255,4999
82.256,4999
82.257,4999
82.258,4999
82.259,4999
82.26,0.0
82.261,1.866
82.262,0.0
82.263,1.844
82.264,0.0
82.265,1.804
82.266,0.0
82.267,1.871
82.268,0.0
82.269,1.886
82.27,2999
82.271,2999
82.272,2999
82.273,2999
82.274,2999
82.275,2999
82.276,2999
82.277,2999
82.278,2999
82.279,2999
82.28,0.0
82.281,1.873
82.282,0.0
82.283,1.875
82.284,0.0
82.285,1.9
82.286,0.0
82.287,4997.399
82.288,0.0
82.289,1.918
82.29,0.0
82.291,1.89
82.292,0.0
82.293,1.909
82.294,0.0
82.295,1.903
82.296,0.0
82.297,1.972
82.298,0.0
82.299,1.902
82.3,0.0
82.301,1.948
82.302,0.0
82.303,1.949
82.304,0.0
82.305,1.927
82.306,0.0
82.307,1.869
82.308,0.0
82.309,1.869
82.31,0.0
82.311,1.835
82.312,0.0
82.313,1.867
82.314,0.0
82.315,1.901
82.316,0.0
82.317,1.921
82.318,0.0
82.319,1.953
82.32,0.0
82.321,1.867
82.322,0.0
82.323,2.068
82.324,0.0
82.325,1.657
82.326,0.0
82.327,1.876
82.328,0.0
82.329,1.922
82.33,0.0
82.331,2.014
82.332,0.0
82.333,2.148
82.334,0.0
82.335,2.079
82.336,0.0
82.337,2.007
82.338,0.0
82.339,2.084
82.34,0.0
82.341,1.926
82.342,0.0
82.343,1.996
82.344,0.0
82.345,2.036
82.346,0.0
82.347,2.05
82.348,0.0
82.349,2.092
82.35,0.0
82.351,1.899
82.352,0.0
82.353,2.021
82.354,0.0
82.355,1.998
82.356,0.0
82.357,1.882
82.358,0.0
82.359,1.838
82.36,0.0
82.361,1.839
82.362,0.0
82.363,2.006
82.364,0.0
82.365,2.038
82.366,0.0
82.367,2.084
82.368,0.0
82.369,2.029
82.37,0.0
82.371,2.028
82.372,0.0
82.373,2.087
82.374,0.0
82.375,2.003
82.376,0.0
82.377,2.035
82.378,0.0
82.379,2.053
82.38,0.0
82.381,2.035
82.382,0.0
82.383,1.984
82.384,0.0
82.385,1.989
82.386,0.0
82.387,2.075
82.388,0.0
82.389,2.037
82.39,999
82.391,999
82.392,999
82.393,999
82.394,999
82.395,999
82.396,999
82.397,999
82.398,999
82.399,999
82.4,0.0
82.401,1.992
82.402,0.0
82.403,1.969
82.404,0.0
82.405,2.116
82.406,0.0
82.407,2.084
82.408,0.0
82.409,2.007
82.41,0.0
82.411,1.828
82.412,0.0
82.413,1.739
82.414,0.0
82.415,2.003
82.416,0.0
82.417,1.964
82.418,0.0
82.419,2.034
82.42,0.0
82.421,2.062
82.422,0.0
82.423,1.942
82.424,0.0
82.425,2.057
82.426,0.0
82.427,2.126
82.428,0.0
82.429,2.076
82.43,1999
82.431,1999
82.432,1999
82.433,1999
82.434,1999
82.435,1999
82.436,1999
82.437,1999
82.438,1999
82.439,1999
82.44,0.0
82.441,1.954
82.442,0.0
82.443,2.032
82.444,0.0
82.445,2.108
82.446,0.0
82.447,2.067
82.448,0.0
82.449,2.069
82.45,0.0
82.451,2.129
82.452,0.0
82.453,2.138
82.454,0.0
82.455,2.088
82.456,0.0
82.457,2.068
82.458,0.0
82.459,1.964
82.46,0.0
82.461,2.155
82.462,0.0
82.463,2.059
82.464,0.0
82.465,2.03
82.466,0.0
82.467,2.029
82.468,0.0
82.469,2.051
82.47,0.0
82.471,1000.439
82.472,0.0
82.473,2.059
82.474,0.0
82.475,2.081
82.476,0.0
82.477,2.124
82.478,0.0
82.479,2.011
82.48,0.0
82.481,2.072
82.482,0.0
82.483,1.953
82.484,0.0
82.485,1004.542
82.486,0.0
82.487,2.068
82.488,0.0
82.489,2.128
82.49,0.0
82.491,1.943
82.492,0.0
82.493,2.154
82.494,0.0
82.495,1.951
82.496,0.0
82.497,2.218
82.498,0.0
82.499,2.128
82.5,4999
82.501,4999
82.502,4999
82.503,4999
82.504,4999
82.505,4999
82.506,4999
82.507,4999
82.508,4999
82.509,4999
82.51,3999
82.511,3999
82.512,3999
82.513,3999
82.514,3999
82.515,3999
82.516,3999
82.517,3999
82.518,3999
82.519,3999
82.52,0.0
82.521,2.015
82.522,0.0
82.523,2.154
82.524,0.0
82.525,1.937
82.526,0.0
82.527,1.943
82.528,0.0
82.529,2.101
82.53,0.0
82.531,2.105
82.532,0.0
82.533,2.047
82.534,0.0
82.535,1.92
82.536,0.0
82.537,2.062
82.538,0.0
82.539,1.923
82.54,0.0
82.541,2.102
82.542,0.0
82.543,2.053
82.544,0.0
82.545,2.061
82.546,0.0
82.547,2.056
82.548,0.0
82.549,2.087
82.55,0.0
82.551,2.117
82.552,0.0
82.553,1.949
82.554,0.0
82.555,2.002
82.556,0.0
82.557,2.085
82.558,0.0
82.559,2.062
82.56,0.0
82.561,2.07
82.562,0.0
82.563,2.077
82.564,0.0
82.565,1.917
82.566,0.0
82.567,1.994
82.568,0.0
82.569,2.067
82.57,0.0
82.571,2.12
82.572,0.0
82.573,2.023
82.574,0.0
82.575,2.042
82.576,0.0
82.577,1.868
82.578,0.0
82.579,1.86
82.58,0.0
82.581,1.984
82.582,0.0
82.583,2.067
82.584,0.0
82.585,2.094
82.586,0.0
82.587,1.987
82.588,0.0
82.589,1.848
82.59,0.0
82.591,1.828
82.592,0.0
82.593,1.976
82.594,0.0
82.595,1.804
82.596,0.0
82.597,1.996
82.598,0.0
82.599,2.006
82.6,0.0
82.601,2.038
82.602,0.0
82.603,1.824
82.604,0.0
82.605,1.833
82.606,0.0
82.607,1.823
82.608,0.0
82.609,1.629
82.61,0.0
82.611,1.529
82.612,0.0
82.613,1.538
82.614,0.0
82.615,1.55
82.616,0.0
82.617,1.55
82.618,0.0
82.619,1.506
82.62,2999
82.621,2999
82.622,2999
82.623,2999
82.624,2999
82.625,2999
82.626,2999
82.627,2999
82.628,2999
82.629,2999
82.63,0.0
82.631,1.973
82.632,0.0
82.633,1.792
82.634,0.0
82.635,1.817
82.636,0.0
82.637,1.758
82.638,0.0
82.639,1.582
82.64,0.0
82.641,2.651
82.642,0.0
82.643,1.782
82.644,0.0
82.645,1.887
82.646,0.0
82.647,1.859
82.648,0.0
82.649,2.423
82.65,0.0
82.651,1.897
82.652,0.0
82.653,1.864
82.654,0.0
82.655,1.861
82.656,0.0
82.657,1.847
82.658,0.0
82.659,1.939
82.66,0.0
82.661,1.895
82.662,0.0
82.663,1.83
82.664,0.0
82.665,1.964
82.666,0.0
82.667,1.893
82.668,0.0
82.669,999.867
82.67,0.0
82.671,1.864
82.672,0.0
82.673,1.973
82.674,0.0
82.675,1.715
82.676,0.0
82.677,1.887
82.678,0.0
82.679,1.88
82.68,0.0
82.681,1.651
82.682,0.0
82.683,1.557
82.684,0.0
82.685,1.538
82.686,0.0
82.687,1.764
82.688,0.0
82.689,1.874
82.69,0.0
82.691,1.845
82.692,0.0
82.693,1.894
82.694,0.0
82.695,1.925
82.696,0.0
82.697,1.927
82.698,0.0
82.699,1.781
82.7,0.0
82.701,1.843
82.702,0.0
82.703,2.19
82.704,0.0
82.705,3.421
82.706,0.0
82.707,1.809
82.708,0.0
82.709,1.897
82.71,0.0
82.711,1.948
82.712,0.0
82.713,2.007
82.714,0.0
82.715,1.924
82.716,0.0
82.717,1.882
82.718,0.0
82.719,1.875
82.72,0.0
82.721,1.902
82.722,0.0
82.723,1.865
82.724,0.0
82.725,1.953
82.726,0.0
82.727,1.912
82.728,0.0
82.729,1.994
82.73,0.0
82.731,1.957
82.732,0.0
82.733,1.97
82.734,0.0
82.735,1.856
82.736,0.0
82.737,1.876
82.738,0.0
82.739,1.865
82.74,0.0
82.741,1.86
82.742,0.0
82.743,1.859
82.744,0.0
82.745,2.401
82.746,0.0
82.747,5000.495
82.748,0.0
82.749,998.639
82.75,4999
82.751,4999
82.752,4999
82.753,4999
82.754,4999
82.755,4999
82.756,4999
82.757,4999
82.758,4999
82.759,4999
82.76,0.0
82.761,1.847
82.762,0.0
82.763,1.898
82.764,0.0
82.765,2.085
82.766,0.0
82.767,1001.842
82.768,0.0
82.769,2.067
82.77,0.0
82.771,2.048
82.772,0.0
82.773,1.943
82.774,0.0
82.775,2.043
82.776,0.0
82.777,1.968
82.778,0.0
82.779,2.041
82.78,0.0
82.781,2.024
82.782,0.0
82.783,1.997
82.784,0.0
82.785,1.863
82.786,0.0
82.787,1.855
82.788,0.0
82.789,1.872
82.79,0.0
82.791,1.813
82.792,0.0
82.793,2.032
82.794,0.0
82.795,1.896
82.796,0.0
82.797,1.864
82.798,0.0
82.799,1.852
82.8,0.0
82.801,998.598
82.802,0.0
82.803,1.869
82.804,0.0
82.805,1.834
82.806,0.0
82.807,1.687
82.808,0.0
82.809,1.765
82.81,3999
82.811,3999
82.812,3999
82.813,3999
82.814,3999
82.815,3999
82.816,3999
82.817,3999
82.818,3999
82.819,3999
82.82,0.0
82.821,1.952
82.822,0.0
82.823,1.854
82.824,0.0
82.825,1.818
82.826,0.0
82.827,1.944
82.828,0.0
82.829,1.891
82.83,1999
82.831,1999
82.832,1999
82.833,1999
82.834,1999
82.835,1999
82.836,1999
82.837,1999
82.838,1999
82.839,1999
82.84,999
82.841,999
82.842,999
82.843,999
82.844,999
82.845,999
82.846,999
82.847,999
82.848,999
82.849,999
82.85,0.0
82.851,1.995
82.852,0.0
82.853,1.535
82.854,0.0
82.855,1.541
82.856,0.0
82.857,1.922
82.858,0.0
82.859,1.98
82.86,0.0
82.861,1.856
82.862,0.0
82.863,1.892
82.864,0.0
82.865,1.884
82.866,0.0
82.867,1.862
82.868,0.0
82.869,1.84
82.87,0.0
82.871,1.834
82.872,0.0
82.873,1.89
82.874,0.0
82.875,1.844
82.876,0.0
82.877,1.834
82.878,0.0
82.879,999.067
82.88,0.0
82.881,1.809
82.882,0.0
82.883,1.906
82.884,0.0
82.885,1.849
82.886,0.0
82.887,1.904
82.888,0.0
82.889,1.903
82.89,0.0
82.891,1.896
82.892,0.0
82.893,1.875
82.894,0.0
82.895,1.944
82.896,0.0
82.897,1.717
82.898,0.0
82.899,1.694
82.9,0.0
82.901,1.92
82.902,0.0
82.903,1.904
82.904,0.0
82.905,1.908
82.906,0.0
82.907,1.893
82.908,0.0
82.909,1.923
82.91,0.0
82.911,1.891
82.912,0.0
82.913,1.851
82.914,0.0
82.915,1.747
82.916,0.0
82.917,1.607
82.918,0.0
82.919,1.555
82.92,0.0
82.921,1.549
82.922,0.0
82.923,1.594
82.924,0.0
82.925,1.65
82.926,0.0
82.927,1.834
82.928,0.0
82.929,1.891
82.93,0.0
82.931,1001.325
82.932,0.0
82.933,1.886
82.934,0.0
82.935,1.913
82.936,0.0
82.937,1.916
82.938,0.0
82.939,1.876
82.94,0.0
82.941,1.895
82.942,0.0
82.943,1.947
82.944,0.0
82.945,1.968
82.946,0.0
82.947,1.886
82.948,0.0
82.949,1.81
82.95,0.0
82.951,1.675
82.952,0.0
82.953,1.711
82.954,0.0
82.955,1.791
82.956,0.0
82.957,1.741
82.958,0.0
82.959,1.849
82.96,0.0
82.961,1.901
82.962,0.0
82.963,1.894
82.964,0.0
82.965,1.833
82.966,0.0
82.967,1.865
82.968,0.0
82.969,1.944
82.97,2999
82.971,2999
82.972,2999
82.973,2999
82.974,2999
82.975,2999
82.976,2999
82.977,2999
82.978,2999
82.979,2999
82.98,0.0
82.981,1.95
82.982,0.0
82.983,1.883
82.984,0.0
82.985,1.948
82.986,0.0
82.987,1.952
82.988,0.0
82.989,1.907
82.99,0.0
82.991,1.887
82.992,0.0
82.993,1.859
82.994,0.0
82.995,1.916
82.996,0.0
82.997,1.864
82.998,0.0
82.999,1.893
83.0,4999
83.001,4999
83.002,4999
83.003,4999
83.004,4999
83.005,4999
83.006,4999
83.007,4999
83.008,4999
83.009,4999
83.01,0.0
83.011,1.882
83.012,0.0
83.013,1.883
83.014,0.0
83.015,2.062
83.016,0.0
83.017,2.062
83.018,0.0
83.019,2.037
83.02,0.0
83.021,2.078
83.022,0.0
83.023,2.043
83.024,0.0
83.025,2.018
83.026,0.0
83.027,2.107
83.028,0.0
83.029,1.976
83.03,0.0
83.031,1.967
83.032,0.0
83.033,2.035
83.034,0.0
83.035,2.037
83.036,0.0
83.037,2.045
83.038,0.0
83.039,2.049
83.04,0.0
83.041,2.04
83.042,0.0
83.043,1.988
83.044,0.0
83.045,1.99
83.046,0.0
83.047,2.034
83.048,0.0
83.049,1.99
83.05,0.0
83.051,2.056
83.052,0.0
83.053,2.032
83.054,0.0
83.055,2.042
83.056,0.0
83.057,2.076
83.058,0.0
83.059,2.032
83.06,0.0
83.061,1.993
83.062,0.0
83.063,1.973
83.064,0.0
83.065,1.877
83.066,0.0
83.067,1.939
83.068,0.0
83.069,1.902
83.07,0.0
83.071,1.952
83.072,0.0
83.073,1.893
83.074,0.0
83.075,2.021
83.076,0.0
83.077,1.992
83.078,0.0
83.079,2.002
83.08,0.0
83.081,1.964
83.082,0.0
83.083,1.935
83.084,0.0
83.085,1.978
83.086,0.0
83.087,2.006
83.088,0.0
83.089,2.013
83.09,0.0
83.091,1.91
83.092,0.0
83.093,2.021
83.094,0.0
83.095,2.037
83.096,0.0
83.097,1.989
83.098,0.0
83.099,2.064
83.1,0.0
83.101,2.03
83.102,0.0
83.103,2.055
83.104,0.0
83.105,1.943
83.106,0.0
83.107,1.854
83.108,0.0
83.109,1.892
83.11,3999
83.111,3999
83.112,3999
83.113,3999
83.114,3999
83.115,3999
83.116,3999
83.117,3999
83.118,3999
83.119,3999
83.12,0.0
83.121,1.947
83.122,0.0
83.123,2.116
83.124,0.0
83.125,1.966
83.126,0.0
83.127,2.118
83.128,0.0
83.129,1.996
83.13,0.0
83.131,1.849
83.132,0.0
83.133,1.998
83.134,0.0
83.135,2.035
83.136,0.0
83.137,2.098
83.138,0.0
83.139,2.001
83.14,0.0
83.141,2.045
83.142,0.0
83.143,2.095
83.144,0.0
83.145,2.059
83.146,0.0
83.147,1.867
83.148,0.0
83.149,2.025
83.15,0.0
83.151,2.063
83.152,0.0
83.153,2.037
83.154,0.0
83.155,2.094
83.156,0.0
83.157,2.1
83.158,0.0
83.159,2.04
83.16,0.0
83.161,2.025
83.162,0.0
83.163,2.044
83.164,0.0
83.165,2.101
83.166,0.0
83.167,2.163
83.168,0.0
83.169,2.062
83.17,0.0
83.171,2.043
83.172,0.0
83.173,2.103
83.174,0.0
83.175,2.049
83.176,0.0
83.177,2.068
83.178,0.0
83.179,2.08
83.18,0.0
83.181,2.009
83.182,0.0
83.183,2.051
83.184,0.0
83.185,1.88
83.186,0.0
83.187,2.027
83.188,0.0
83.189,1.971
83.19,0.0
83.191,1.985
83.192,0.0
83.193,4.671
83.194,0.0
83.195,2.9
83.196,0.0
83.197,1.767
83.198,0.0
83.199,2.032
83.2,0.0
83.201,2.059
83.202,0.0
83.203,2.016
83.204,0.0
83.205,2.016
83.206,0.0
83.207,2.106
83.208,0.0
83.209,2.113
83.21,0.0
83.211,5004.742
83.212,0.0
83.213,1.969
83.214,0.0
83.215,2.02
83.216,0.0
83.217,1.926
83.218,0.0
83.219,2.072
83.22,0.0
83.221,2.01
83.222,0.0
83.223,1.936
83.224,0.0
83.225,2.055
83.226,0.0
83.227,2.107
83.228,0.0
83.229,2.074
83.23,1999
83.231,1999
83.232,1999
83.233,1999
83.234,1999
83.235,1999
83.236,1999
83.237,1999
83.238,1999
83.239,1999
83.24,0.0
83.241,2.018
83.242,0.0
83.243,2.067
83.244,0.0
83.245,2.079
83.246,0.0
83.247,999.468
83.248,0.0
83.249,2.085
83.25,4999
83.251,4999
83.252,4999
83.253,4999
83.254,4999
83.255,4999
83.256,4999
83.257,4999
83.258,4999
83.259,4999
83.26,0.0
83.261,2.032
83.262,0.0
83.263,2.083
83.264,0.0
83.265,2.08
83.266,0.0
83.267,5000.351
83.268,0.0
83.269,2.04
83.27,0.0
83.271,2.078
83.272,0.0
83.273,1.995
83.274,0.0
83.275,1.902
83.276,0.0
83.277,2.025
83.278,0.0
83.279,2.064
83.28,0.0
83.281,2.022
83.282,0.0
83.283,1.921
83.284,0.0
83.285,2.179
83.286,0.0
83.287,2.073
83.288,0.0
83.289,2.152
83.29,999
83.291,999
83.292,999
83.293,999
83.294,999
83.295,999
83.296,999
83.297,999
83.298,999
83.299,999
83.3,0.0
83.301,2.127
83.302,0.0
83.303,2.157
83.304,0.0
83.305,2.042
83.306,0.0
83.307,2.09
83.308,0.0
83.309,2.069
83.31,0.0
83.311,2.019
83.312,0.0
83.313,2.022
83.314,0.0
83.315,2.13
83.316,0.0
83.317,1.828
83.318,0.0
83.319,1.922
83.32,2999
83.321,2999
83.322,2999
83.323,2999
83.324,2999
83.325,2999
83.326,2999
83.327,2999
83.328,2999
83.329,2999
83.33,0.0
83.331,2.054
83.332,0.0
83.333,1.932
83.334,0.0
83.335,2.064
83.336,0.0
83.337,1001.519
83.338,0.0
83.339,2.048
83.34,0.0
83.341,2.072
83.342,0.0
83.343,2.047
83.344,0.0
83.345,2.658
83.346,0.0
83.347,2.194
83.348,0.0
83.349,2.065
83.35,0.0
83.351,1.903
83.352,0.0
83.353,1.813
83.354,0.0
83.355,1.852
83.356,0.0
83.357,1.932
83.358,0.0
83.359,2.043
83.36,0.0
83.361,2.04
83.362,0.0
83.363,1.996
83.364,0.0
83.365,2.017
83.366,0.0
83.367,2.4
83.368,0.0
83.369,1.95
83.37,0.0
83.371,2.032
83.372,0.0
83.373,1.862
83.374,0.0
83.375,1.917
83.376,0.0
83.377,2.07
83.378,0.0
83.379,2.057
83.38,0.0
83.381,2.001
83.382,0.0
83.383,1.966
83.384,0.0
83.385,2.076
83.386,0.0
83.387,2.088
83.388,0.0
83.389,2.047
83.39,0.0
83.391,2.02
83.392,0.0
83.393,2.037
83.394,0.0
83.395,1.968
83.396,0.0
83.397,2.053
83.398,0.0
83.399,1.962
83.4,0.0
83.401,2.628
83.402,0.0
83.403,2.025
83.404,0.0
83.405,1.92
83.406,0.0
83.407,2.03
83.408,0.0
83.409,1.964
83.41,3999
83.411,3999
83.412,3999
83.413,3999
83.414,3999
83.415,3999
83.416,3999
83.417,3999
83.418,3999
83.419,3999
83.42,0.0
83.421,2.037
83.422,0.0
83.423,1.975
83.424,0.0
83.425,1.921
83.426,0.0
83.427,2.092
83.428,0.0
83.429,2.023
83.43,0.0
83.431,1.906
83.432,0.0
83.433,1.97
83.434,0.0
83.435,2.088
83.436,0.0
83.437,1.972
83.438,0.0
83.439,1.855
83.44,0.0
83.441,1.812
83.442,0.0
83.443,1.948
83.444,0.0
83.445,4997.48
83.446,0.0
83.447,1.996
83.448,0.0
83.449,1.85
83.45,0.0
83.451,1.85
83.452,0.0
83.453,1.993
83.454,0.0
83.455,4998.122
83.456,0.0
83.457,1.958
83.458,0.0
83.459,1.911
83.46,0.0
83.461,2.04
83.462,0.0
83.463,1.944
83.464,0.0
83.465,2.122
83.466,0.0
83.467,2.224
83.468,0.0
83.469,2.049
83.47,0.0
83.471,1.934
83.472,0.0
83.473,2.076
83.474,0.0
83.475,1.996
83.476,0.0
83.477,2.1
83.478,0.0
83.479,2.025
83.48,0.0
83.481,2.042
83.482,0.0
83.483,2.08
83.484,0.0
83.485,2.031
83.486,0.0
83.487,1.998
83.488,0.0
83.489,2.018
83.49,0.0
83.491,1.856
83.492,0.0
83.493,1.855
83.494,0.0
83.495,1.96
83.496,0.0
83.497,1.91
83.498,0.0
83.499,1.901
83.5,4999
83.501,4999
83.502,4999
83.503,4999
83.504,4999
83.505,4999
83.506,4999
83.507,4999
83.508,4999
83.509,4999
83.51,0.0
83.511,1.949
83.512,0.0
83.513,1.909
83.514,0.0
83.515,1.887
83.516,0.0
83.517,1.927
83.518,0.0
83.519,1.877
83.52,0.0
83.521,1.945
83.522,0.0
83.523,1.826
83.524,0.0
83.525,1.618
83.526,0.0
83.527,1.566
83.528,0.0
83.529,1.558
83.53,0.0
83.531,1.546
83.532,0.0
83.533,1.564
83.534,0.0
83.535,1.685
83.536,0.0
83.537,1.861
83.538,0.0
83.539,1.949
83.54,0.0
83.541,1.811
83.542,0.0
83.543,1.884
83.544,0.0
83.545,1.903
83.546,0.0
83.547,1.89
83.548,0.0
83.549,1.923
83.55,0.0
83.551,1.921
83.552,0.0
83.553,1.886
83.554,0.0
83.555,1.851
83.556,0.0
83.557,1.932
83.558,0.0
83.559,1.784
83.56,0.0
83.561,1.803
83.562,0.0
83.563,1.81
83.564,0.0
83.565,1.858
83.566,0.0
83.567,1.842
83.568,0.0
83.569,1.925
83.57,0.0
83.571,1.865
83.572,0.0
83.573,1.883
83.574,0.0
83.575,1.865
83.576,0.0
83.577,1.893
83.578,0.0
83.579,1.891
83.58,0.0
83.581,1.881
83.582,0.0
83.583,1.883
83.584,0.0
83.585,1.94
83.586,0.0
83.587,1.96
83.588,0.0
83.589,1.884
83.59,0.0
83.591,1.88
83.592,0.0
83.593,1.865
83.594,0.0
83.595,1.761
83.596,0.0
83.597,2.886
83.598,0.0
83.599,1.908
83.6,0.0
83.601,1.904
83.602,0.0
83.603,1.873
83.604,0.0
83.605,1.889
83.606,0.0
83.607,1.882
83.608,0.0
83.609,1.887
83.61,0.0
83.611,1.938
83.612,0.0
83.613,1.92
83.614,0.0
83.615,1.844
83.616,0.0
83.617,1.854
83.618,0.0
83.619,4998.05
83.62,0.0
83.621,1.932
83.622,0.0
83.623,1.925
83.624,0.0
83.625,1.877
83.626,0.0
83.627,1.87
83.628,0.0
83.629,1.898
83.63,1999
83.631,1999
83.632,1999
83.633,1999
83.634,1999
83.635,1999
83.636,1999
83.637,1999
83.638,1999
83.639,1999
83.64,0.0
83.641,1.718
83.642,0.0
83.643,1.865
83.644,0.0
83.645,1.884
83.646,0.0
83.647,1.857
83.648,0.0
83.649,1.878
83.65,0.0
83.651,2.003
83.652,0.0
83.653,2.003
83.654,0.0
83.655,2.005
83.656,0.0
83.657,2.097
83.658,0.0
83.659,1.976
83.66,0.0
83.661,2.065
83.662,0.0
83.663,2.027
83.664,0.0
83.665,2.044
83.666,0.0
83.667,2.069
83.668,0.0
83.669,1.929
83.67,2999
83.671,2999
83.672,2999
83.673,2999
83.674,2999
83.675,2999
83.676,2999
83.677,2999
83.678,2999
83.679,2999
83.68,0.0
83.681,2.001
83.682,0.0
83.683,1.935
83.684,0.0
83.685,1.973
83.686,0.0
83.687,2.009
83.688,0.0
83.689,2.034
83.69,0.0
83.691,2.039
83.692,0.0
83.693,1.954
83.694,0.0
83.695,2.123
83.696,0.0
83.697,2.018
83.698,0.0
83.699,2.01
83.7,0.0
83.701,2.047
83.702,0.0
83.703,1.855
83.704,0.0
83.705,1.846
83.706,0.0
83.707,1.824
83.708,0.0
83.709,1.831
83.71,3999
83.711,3999
83.712,3999
83.713,3999
83.714,3999
83.715,3999
83.716,3999
83.717,3999
83.718,3999
83.719,3999
83.72,0.0
83.721,1.94
83.722,0.0
83.723,2.055
83.724,0.0
83.725,2.119
83.726,0.0
83.727,1.896
83.728,0.0
83.729,2.077
83.73,0.0
83.731,1.876
83.732,0.0
83.733,2.033
83.734,0.0
83.735,1.974
83.736,0.0
83.737,1.821
83.738,0.0
83.739,2.091
83.74,999
83.741,999
83.742,999
83.743,999
83.744,999
83.745,999
83.746,999
83.747,999
83.748,999
83.749,999
83.75,4999
83.751,4999
83.752,4999
83.753,4999
83.754,4999
83.755,4999
83.756,4999
83.757,4999
83.758,4999
83.759,4999
83.76,0.0
83.761,2.064
83.762,0.0
83.763,2.097
83.764,0.0
83.765,2.065
83.766,0.0
83.767,1.933
83.768,0.0
83.769,1.928
83.77,0.0
83.771,1.922
83.772,0.0
83.773,1.894
83.774,0.0
83.775,2.069
83.776,0.0
83.777,2.018
83.778,0.0
83.779,1.901
83.78,0.0
83.781,2.034
83.782,0.0
83.783,2.091
83.784,0.0
83.785,1.957
83.786,0.0
83.787,2.082
83.788,0.0
83.789,1.943
83.79,0.0
83.791,2.061
83.792,0.0
83.793,2.076
83.794,0.0
83.795,1.862
83.796,0.0
83.797,2.032
83.798,0.0
83.799,1.915
83.8,0.0
83.801,2.027
83.802,0.0
83.803,1.935
83.804,0.0
83.805,2.336
83.806,0.0
83.807,1.735
83.808,0.0
83.809,1.887
83.81,0.0
83.811,2.028
83.812,0.0
83.813,2.147
83.814,0.0
83.815,2.027
83.816,0.0
83.817,1.967
83.818,0.0
83.819,1.999
83.82,0.0
83.821,5001.169
83.822,0.0
83.823,2.049
83.824,0.0
83.825,1.926
83.826,0.0
83.827,2.038
83.828,0.0
83.829,1.916
83.83,0.0
83.831,2.089
83.832,0.0
83.833,2.076
83.834,0.0
83.835,1.925
83.836,0.0
83.837,2.056
83.838,0.0
83.839,2.098
83.84,0.0
83.841,2.09
83.842,0.0
83.843,1.949
83.844,0.0
83.845,2.046
83.846,0.0
83.847,2.038
83.848,0.0
83.849,2.063
83.85,0.0
83.851,2.08
83.852,0.0
83.853,1.986
83.854,0.0
83.855,2.073
83.856,0.0
83.857,2.034
83.858,0.0
83.859,2.047
83.86,0.0
83.861,2.036
83.862,0.0
83.863,2.017
83.864,0.0
83.865,1.808
83.866,0.0
83.867,2.025
83.868,0.0
83.869,2.13
83.87,0.0
83.871,2.032
83.872,0.0
83.873,2.053
83.874,0.0
83.875,2.015
83.876,0.0
83.877,1.993
83.878,0.0
83.879,2.071
83.88,0.0
83.881,2.103
83.882,0.0
83.883,1.887
83.884,0.0
83.885,2.097
83.886,0.0
83.887,1.958
83.888,0.0
83.889,2.071
83.89,0.0
83.891,2.117
83.892,0.0
83.893,2.186
83.894,0.0
83.895,1.953
83.896,0.0
83.897,2.051
83.898,0.0
83.899,2.024
83.9,0.0
83.901,1.849
83.902,0.0
83.903,2.015
83.904,0.0
83.905,1.939
83.906,0.0
83.907,1.96
83.908,0.0
83.909,2.096
83.91,0.0
83.911,2.067
83.912,0.0
83.913,1000.34
83.914,0.0
83.915,2.022
83.916,0.0
83.917,2.108
83.918,0.0
83.919,1.968
83.92,0.0
83.921,2.036
83.922,0.0
83.923,2.037
83.924,0.0
83.925,2.05
83.926,0.0
83.927,2.048
83.928,0.0
83.929,2.049
83.93,0.0
83.931,1.996
83.932,0.0
83.933,1.993
83.934,0.0
83.935,1.871
83.936,0.0
83.937,1.918
83.938,0.0
83.939,2.078
83.94,0.0
83.941,1.886
83.942,0.0
83.943,2.014
83.944,0.0
83.945,2.035
83.946,0.0
83.947,2.474
83.948,0.0
83.949,1.876
83.95,0.0
83.951,1.826
83.952,0.0
83.953,1.922
83.954,0.0
83.955,1.818
83.956,0.0
83.957,2.148
83.958,0.0
83.959,1.885
83.96,0.0
83.961,1.952
83.962,0.0
83.963,1.976
83.964,0.0
83.965,1.862
83.966,0.0
83.967,1.889
83.968,0.0
83.969,1.878
83.97,0.0
83.971,1.833
83.972,0.0
83.973,1.976
83.974,0.0
83.975,1.97
83.976,0.0
83.977,2.125
83.978,0.0
83.979,1.868
83.98,0.0
83.981,2.028
83.982,0.0
83.983,1001.902
83.984,0.0
83.985,1.932
83.986,0.0
83.987,2.009
83.988,0.0
83.989,2.002
83.99,0.0
83.991,2.087
83.992,0.0
83.993,2.098
83.994,0.0
83.995,2.125
83.996,0.0
83.997,2.037
83.998,0.0
83.999,999.979
84.0,4999
84.001,4999
84.002,4999
84.003,4999
84.004,4999
84.005,4999
84.006,4999
84.007,4999
84.008,4999
84.009,4999
84.01,3999
84.011,3999
84.012,3999
84.013,3999
84.014,3999
84.015,3999
84.016,3999
84.017,3999
84.018,3999
84.019,3999
84.02,2999
84.021,2999
84.022,2999
84.023,2999
84.024,2999
84.025,2999
84.026,2999
84.027,2999
84.028,2999
84.029,2999
84.03,1999
84.031,1999
84.032,1999
84.033,1999
84.034,1999
84.035,1999
84.036,1999
84.037,1999
84.038,1999
84.039,1999
84.04,0.0
84.041,2.061
84.042,0.0
84.043,2.087
84.044,0.0
84.045,2.038
84.046,0.0
84.047,2.078
84.048,0.0
84.049,2.104
84.05,0.0
84.051,2.102
84.052,0.0
84.053,2.079
84.054,0.0
84.055,1.885
84.056,0.0
84.057,2.004
84.058,0.0
84.059,2.045
84.06,0.0
84.061,2.014
84.062,0.0
84.063,1.918
84.064,0.0
84.065,2.028
84.066,0.0
84.067,2.06
84.068,0.0
84.069,2.028
84.07,0.0
84.071,1.948
84.072,0.0
84.073,1.814
84.074,0.0
84.075,1.959
84.076,0.0
84.077,998.028
84.078,0.0
84.079,1.967
84.08,0.0
84.081,1.926
84.082,0.0
84.083,1.855
84.084,0.0
84.085,2.067
84.086,0.0
84.087,2.027
84.088,0.0
84.089,2.089
84.09,0.0
84.091,2.049
84.092,0.0
84.093,2.026
84.094,0.0
84.095,1.75
84.096,0.0
84.097,1.833
84.098,0.0
84.099,1.876
84.1,0.0
84.101,2.052
84.102,0.0
84.103,2.088
84.104,0.0
84.105,2.039
84.106,0.0
84.107,2.062
84.108,0.0
84.109,2.029
84.11,0.0
84.111,2.044
84.112,0.0
84.113,2.095
84.114,0.0
84.115,2.012
84.116,0.0
84.117,2.045
84.118,0.0
84.119,2.001
84.12,0.0
84.121,2.076
84.122,0.0
84.123,2.042
84.124,0.0
84.125,2.047
84.126,0.0
84.127,2.141
84.128,0.0
84.129,2.018
84.13,0.0
84.131,2.032
84.132,0.0
84.133,1.951
84.134,0.0
84.135,2.057
84.136,0.0
84.137,2.132
84.138,0.0
84.139,2.037
84.14,0.0
84.141,2.082
84.142,0.0
84.143,2.046
84.144,0.0
84.145,2.044
84.146,0.0
84.147,1.969
84.148,0.0
84.149,2.026
84.15,0.0
84.151,1.941
84.152,0.0
84.153,1.909
84.154,0.0
84.155,5005.063
84.156,0.0
84.157,2.005
84.158,0.0
84.159,1.792
84.16,0.0
84.161,1.897
84.162,0.0
84.163,2.017
84.164,0.0
84.165,1.885
84.166,0.0
84.167,2.09
84.168,0.0
84.169,2.044
84.17,0.0
84.171,1.996
84.172,0.0
84.173,1.891
84.174,0.0
84.175,2.072
84.176,0.0
84.177,1.963
84.178,0.0
84.179,1.859
84.18,0.0
84.181,2.061
84.182,0.0
84.183,5001.306
84.184,0.0
84.185,2.069
84.186,0.0
84.187,2.087
84.188,0.0
84.189,1.899
84.19,999
84.191,999
84.192,999
84.193,999
84.194,999
84.195,999
84.196,999
84.197,999
84.198,999
84.199,999
84.2,0.0
84.201,2.059
84.202,0.0
84.203,2.034
84.204,0.0
84.205,1.911
84.206,0.0
84.207,1.988
84.208,0.0
84.209,1.864
84.21,0.0
84.211,2.023
84.212,0.0
84.213,2.039
84.214,0.0
84.215,2.043
84.216,0.0
84.217,1.927
84.218,0.0
84.219,1.723
84.22,0.0
84.221,1.761
84.222,0.0
84.223,1.88
84.224,0.0
84.225,2.037
84.226,0.0
84.227,2.15
84.228,0.0
84.229,2.0
84.23,0.0
84.231,1.997
84.232,0.0
84.233,1.984
84.234,0.0
84.235,2.039
84.236,0.0
84.237,2.084
84.238,0.0
84.239,1.908
84.24,0.0
84.241,1.978
84.242,0.0
84.243,2.008
84.244,0.0
84.245,2.06
84.246,0.0
84.247,2.067
84.248,0.0
84.249,1.99
84.25,4999
84.251,4999
84.252,4999
84.253,4999
84.254,4999
84.255,4999
84.256,4999
84.257,4999
84.258,4999
84.259,4999
84.26,0.0
84.261,1.95
84.262,0.0
84.263,1.932
84.264,0.0
84.265,1.891
84.266,0.0
84.267,1.914
84.268,0.0
84.269,1.959
84.27,0.0
84.271,1.903
84.272,0.0
84.273,2.015
84.274,0.0
84.275,2.053
84.276,0.0
84.277,2.129
84.278,0.0
84.279,1.913
84.28,0.0
84.281,2.009
84.282,0.0
84.283,1.887
84.284,0.0
84.285,1.894
84.286,0.0
84.287,2.025
84.288,0.0
84.289,2.103
84.29,0.0
84.291,1.998
84.292,0.0
84.293,1.836
84.294,0.0
84.295,2.017
84.296,0.0
84.297,2.567
84.298,0.0
84.299,2.064
84.3,0.0
84.301,2.018
84.302,0.0
84.303,2.041
84.304,0.0
84.305,2.123
84.306,0.0
84.307,2.073
84.308,0.0
84.309,1.993
84.31,3999
84.311,3999
84.312,3999
84.313,3999
84.314,3999
84.315,3999
84.316,3999
84.317,3999
84.318,3999
84.319,3999
84.32,0.0
84.321,2.062
84.322,0.0
84.323,2.037
84.324,0.0
84.325,2.016
84.326,0.0
84.327,2.033
84.328,0.0
84.329,1.88
84.33,0.0
84.331,2.09
84.332,0.0
84.333,1.984
84.334,0.0
84.335,2.006
84.336,0.0
84.337,1.91
84.338,0.0
84.339,2.059
84.34,0.0
84.341,2.086
84.342,0.0
84.343,2.02
84.344,0.0
84.345,2.062
84.346,0.0
84.347,2.112
84.348,0.0
84.349,2.043
84.35,0.0
84.351,2.042
84.352,0.0
84.353,2.095
84.354,0.0
84.355,2.115
84.356,0.0
84.357,2.161
84.358,0.0
84.359,2.026
84.36,0.0
84.361,2.005
84.362,0.0
84.363,2.054
84.364,0.0
84.365,2.114
84.366,0.0
84.367,2.019
84.368,0.0
84.369,2.009
84.37,2999
84.371,2999
84.372,2999
84.373,2999
84.374,2999
84.375,2999
84.376,2999
84.377,2999
84.378,2999
84.379,2999
84.38,0.0
84.381,1.903
84.382,0.0
84.383,1.832
84.384,0.0
84.385,1.906
84.386,0.0
84.387,1.922
84.388,0.0
84.389,1.895
84.39,0.0
84.391,1.978
84.392,0.0
84.393,1.9
84.394,0.0
84.395,1.9
84.396,0.0
84.397,1.934
84.398,0.0
84.399,2.982
84.4,0.0
84.401,2.019
84.402,0.0
84.403,1.597
84.404,0.0
84.405,1.59
84.406,0.0
84.407,1.598
84.408,0.0
84.409,2.22
84.41,0.0
84.411,1.653
84.412,0.0
84.413,1.545
84.414,0.0
84.415,1.675
84.416,0.0
84.417,1.594
84.418,0.0
84.419,1.54
84.42,0.0
84.421,1.637
84.422,0.0
84.423,1.716
84.424,0.0
84.425,1.877
84.426,0.0
84.427,1.871
84.428,0.0
84.429,1.917
84.43,1999
84.431,1999
84.432,1999
84.433,1999
84.434,1999
84.435,1999
84.436,1999
84.437,1999
84.438,1999
84.439,1999
84.44,0.0
84.441,1.568
84.442,0.0
84.443,1.634
84.444,0.0
84.445,1.582
84.446,0.0
84.447,1.582
84.448,0.0
84.449,1.575
84.45,0.0
84.451,1.668
84.452,0.0
84.453,1.769
84.454,0.0
84.455,1.869
84.456,0.0
84.457,1.928
84.458,0.0
84.459,1.893
84.46,0.0
84.461,1.918
84.462,0.0
84.463,1.926
84.464,0.0
84.465,1.843
84.466,0.0
84.467,1.885
84.468,0.0
84.469,1.874
84.47,0.0
84.471,1.891
84.472,0.0
84.473,1.926
84.474,0.0
84.475,1.904
84.476,0.0
84.477,1.875
84.478,0.0
84.479,6.329
84.48,0.0
84.481,4.235
84.482,0.0
84.483,1.94
84.484,0.0
84.485,2.095
84.486,0.0
84.487,1.692
84.488,0.0
84.489,1.578
84.49,0.0
84.491,1.564
84.492,0.0
84.493,1.561
84.494,0.0
84.495,1.763
84.496,0.0
84.497,1.835
84.498,0.0
84.499,1.822
84.5,4999
84.501,4999
84.502,4999
84.503,4999
84.504,4999
84.505,4999
84.506,4999
84.507,4999
84.508,4999
84.509,4999
84.51,0.0
84.511,1.925
84.512,0.0
84.513,1.873
84.514,0.0
84.515,1.908
84.516,0.0
84.517,1.867
84.518,0.0
84.519,1.835
84.52,0.0
84.521,1.847
84.522,0.0
84.523,1.942
84.524,0.0
84.525,1.814
84.526,0.0
84.527,1.843
84.528,0.0
84.529,1.88
84.53,0.0
84.531,1.838
84.532,0.0
84.533,1.752
84.534,0.0
84.535,1.915
84.536,0.0
84.537,1.866
84.538,0.0
84.539,1.86
84.54,0.0
84.541,1.941
84.542,0.0
84.543,1.981
84.544,0.0
84.545,1.878
84.546,0.0
84.547,1.908
84.548,0.0
84.549,1.879
84.55,0.0
84.551,1000.563
84.552,0.0
84.553,1.89
84.554,0.0
84.555,1.917
84.556,0.0
84.557,1.881
84.558,0.0
84.559,1.899
84.56,0.0
84.561,1.858
84.562,0.0
84.563,1.908
84.564,0.0
84.565,1.876
84.566,0.0
84.567,1.85
84.568,0.0
84.569,1.876
84.57,0.0
84.571,1.924
84.572,0.0
84.573,1.917
84.574,0.0
84.575,1.941
84.576,0.0
84.577,1.915
84.578,0.0
84.579,4997.208
84.58,0.0
84.581,1.92
84.582,0.0
84.583,1.905
84.584,0.0
84.585,1.924
84.586,0.0
84.587,1.694
84.588,0.0
84.589,1.871
84.59,0.0
84.591,1.891
84.592,0.0
84.593,1.885
84.594,0.0
84.595,1.836
84.596,0.0
84.597,1.893
84.598,0.0
84.599,1.856
84.6,0.0
84.601,1005.279
84.602,0.0
84.603,1.787
84.604,0.0
84.605,1.922
84.606,0.0
84.607,1.847
84.608,0.0
84.609,1.97
84.61,3999
84.611,3999
84.612,3999
84.613,3999
84.614,3999
84.615,3999
84.616,3999
84.617,3999
84.618,3999
84.619,3999
84.62,0.0
84.621,1.89
84.622,0.0
84.623,1.888
84.624,0.0
84.625,1.892
84.626,0.0
84.627,1.851
84.628,0.0
84.629,1.858
84.63,0.0
84.631,1000.05
84.632,0.0
84.633,2.024
84.634,0.0
84.635,1.823
84.636,0.0
84.637,1.861
84.638,0.0
84.639,1.937
84.64,999
84.641,999
84.642,999
84.643,999
84.644,999
84.645,999
84.646,999
84.647,999
84.648,999
84.649,999
84.65,0.0
84.651,1.831
84.652,0.0
84.653,1.771
84.654,0.0
84.655,1.628
84.656,0.0
84.657,1.626
84.658,0.0
84.659,1.856
84.66,0.0
84.661,1.965
84.662,0.0
84.663,1.894
84.664,0.0
84.665,1.867
84.666,0.0
84.667,1.844
84.668,0.0
84.669,1.853
84.67,0.0
84.671,1.798
84.672,0.0
84.673,1.9
84.674,0.0
84.675,1.661
84.676,0.0
84.677,1.606
84.678,0.0
84.679,1.572
84.68,0.0
84.681,1.588
84.682,0.0
84.683,1.678
84.684,0.0
84.685,1.754
84.686,0.0
84.687,1.851
84.688,0.0
84.689,1.844
84.69,0.0
84.691,1.658
84.692,0.0
84.693,1.583
84.694,0.0
84.695,1.682
84.696,0.0
84.697,1.917
84.698,0.0
84.699,1.927
84.7,0.0
84.701,1.895
84.702,0.0
84.703,1.872
84.704,0.0
84.705,1.871
84.706,0.0
84.707,1.907
84.708,0.0
84.709,1.731
84.71,0.0
84.711,1.806
84.712,0.0
84.713,1.917
84.714,0.0
84.715,3.022
84.716,0.0
84.717,1.844
84.718,0.0
84.719,1.88
84.72,2999
84.721,2999
84.722,2999
84.723,2999
84.724,2999
84.725,2999
84.726,2999
84.727,2999
84.728,2999
84.729,2999
84.73,0.0
84.731,1.9
84.732,0.0
84.733,1.88
84.734,0.0
84.735,1.829
84.736,0.0
84.737,1.856
84.738,0.0
84.739,1.905
84.74,0.0
84.741,1.663
84.742,0.0
84.743,1.561
84.744,0.0
84.745,1.683
84.746,0.0
84.747,1.877
84.748,0.0
84.749,1.981
84.75,4999
84.751,4999
84.752,4999
84.753,4999
84.754,4999
84.755,4999
84.756,4999
84.757,4999
84.758,4999
84.759,4999
84.76,0.0
84.761,1.606
84.762,0.0
84.763,1.602
84.764,0.0
84.765,1.575
84.766,0.0
84.767,1.644
84.768,0.0
84.769,1.54
84.77,0.0
84.771,1.618
84.772,0.0
84.773,1.573
84.774,0.0
84.775,1.542
84.776,0.0
84.777,1.51
84.778,0.0
84.779,1.543
84.78,0.0
84.781,1.69
84.782,0.0
84.783,1.946
84.784,0.0
84.785,1.756
84.786,0.0
84.787,1.709
84.788,0.0
84.789,1.615
84.79,0.0
84.791,1.934
84.792,0.0
84.793,1.628
84.794,0.0
84.795,1.932
84.796,0.0
84.797,4999.821
84.798,0.0
84.799,1.739
84.8,0.0
84.801,2.02
84.802,0.0
84.803,2.11
84.804,0.0
84.805,2.178
84.806,0.0
84.807,1.914
84.808,0.0
84.809,1.874
84.81,0.0
84.811,1.903
84.812,0.0
84.813,1.928
84.814,0.0
84.815,1.919
84.816,0.0
84.817,1.931
84.818,0.0
84.819,1.906
84.82,0.0
84.821,1.844
84.822,0.0
84.823,1.872
84.824,0.0
84.825,1.869
84.826,0.0
84.827,2.159
84.828,0.0
84.829,1.921
84.83,1999
84.831,1999
84.832,1999
84.833,1999
84.834,1999
84.835,1999
84.836,1999
84.837,1999
84.838,1999
84.839,1999
84.84,0.0
84.841,2.115
84.842,0.0
84.843,2.024
84.844,0.0
84.845,2.21
84.846,0.0
84.847,1.959
84.848,0.0
84.849,3.764
84.85,0.0
84.851,2.02
84.852,0.0
84.853,2.223
84.854,0.0
84.855,2.083
84.856,0.0
84.857,2.037
84.858,0.0
84.859,2.01
84.86,0.0
84.861,1.823
84.862,0.0
84.863,1.955
84.864,0.0
84.865,2.01
84.866,0.0
84.867,1.858
84.868,0.0
84.869,2.021
84.87,0.0
84.871,2.056
84.872,0.0
84.873,2.062
84.874,0.0
84.875,1.933
84.876,0.0
84.877,1.951
84.878,0.0
84.879,1.828
84.88,0.0
84.881,1.936
84.882,0.0
84.883,1.737
84.884,0.0
84.885,4998.811
84.886,0.0
84.887,2.008
84.888,0.0
84.889,1.853
84.89,0.0
84.891,1.802
84.892,0.0
84.893,1.788
84.894,0.0
84.895,2.203
84.896,0.0
84.897,2.036
84.898,0.0
84.899,1.985
84.9,0.0
84.901,2.068
84.902,0.0
84.903,2.16
84.904,0.0
84.905,2.014
84.906,0.0
84.907,2.036
84.908,0.0
84.909,1.84
84.91,3999
84.911,3999
84.912,3999
84.913,3999
84.914,3999
84.915,3999
84.916,3999
84.917,3999
84.918,3999
84.919,3999
84.92,0.0
84.921,2.005
84.922,0.0
84.923,1.956
84.924,0.0
84.925,1.786
84.926,0.0
84.927,1.507
84.928,0.0
84.929,1.651
84.93,0.0
84.931,1.959
84.932,0.0
84.933,1.855
84.934,0.0
84.935,1.896
84.936,0.0
84.937,1.882
84.938,0.0
84.939,1.921
84.94,0.0
84.941,1.815
84.942,0.0
84.943,1.83
84.944,0.0
84.945,1.937
84.946,0.0
84.947,1.914
84.948,0.0
84.949,1.928
84.95,0.0
84.951,1.897
84.952,0.0
84.953,1.869
84.954,0.0
84.955,1.953
84.956,0.0
84.957,1.9
84.958,0.0
84.959,1.849
84.96,0.0
84.961,1.865
84.962,0.0
84.963,1.912
84.964,0.0
84.965,1.901
84.966,0.0
84.967,1.883
84.968,0.0
84.969,1.906
84.97,0.0
84.971,1.883
84.972,0.0
84.973,1.915
84.974,0.0
84.975,1.887
84.976,0.0
84.977,1.856
84.978,0.0
84.979,1.82
84.98,0.0
84.981,1.935
84.982,0.0
84.983,1.954
84.984,0.0
84.985,1.801
84.986,0.0
84.987,1.881
84.988,0.0
84.989,1.74
84.99,0.0
84.991,1.757
84.992,0.0
84.993,1.877
84.994,0.0
84.995,2.087
84.996,0.0
84.997,2.031
84.998,0.0
84.999,2.099
85.0,4999
85.001,4999
85.002,4999
85.003,4999
85.004,4999
85.005,4999
85.006,4999
85.007,4999
85.008,4999
85.009,4999
85.01,0.0
85.011,1000.109
85.012,0.0
85.013,1.945
85.014,0.0
85.015,2.002
85.016,0.0
85.017,1.959
85.018,0.0
85.019,2.187
85.02,0.0
85.021,1.937
85.022,0.0
85.023,2.035
85.024,0.0
85.025,2.134
85.026,0.0
85.027,2.099
85.028,0.0
85.029,2.043
85.03,0.0
85.031,1.811
85.032,0.0
85.033,2.053
85.034,0.0
85.035,1.914
85.036,0.0
85.037,2.139
85.038,0.0
85.039,2.03
85.04,0.0
85.041,1.925
85.042,0.0
85.043,2.054
85.044,0.0
85.045,2.042
85.046,0.0
85.047,1.851
85.048,0.0
85.049,1.876
85.05,0.0
85.051,1.957
85.052,0.0
85.053,1.846
85.054,0.0
85.055,2.029
85.056,0.0
85.057,1.997
85.058,0.0
85.059,2.005
85.06,0.0
85.061,2.003
85.062,0.0
85.063,1.87
85.064,0.0
85.065,1.988
85.066,0.0
85.067,2.042
85.068,0.0
85.069,2.016
85.07,2999
85.071,2999
85.072,2999
85.073,2999
85.074,2999
85.075,2999
85.076,2999
85.077,2999
85.078,2999
85.079,2999
85.08,0.0
85.081,1.916
85.082,0.0
85.083,1.923
85.084,0.0
85.085,1.775
85.086,0.0
85.087,1.684
85.088,0.0
85.089,1.54
85.09,999
85.091,999
85.092,999
85.093,999
85.094,999
85.095,999
85.096,999
85.097,999
85.098,999
85.099,999
85.1,0.0
85.101,1.901
85.102,0.0
85.103,1.818
85.104,0.0
85.105,1.691
85.106,0.0
85.107,1.871
85.108,0.0
85.109,1.881
85.11,0.0
85.111,1.871
85.112,0.0
85.113,1.865
85.114,0.0
85.115,1.833
85.116,0.0
85.117,1.921
85.118,0.0
85.119,1.993
85.12,0.0
85.121,1.68
85.122,0.0
85.123,1.684
85.124,0.0
85.125,1.785
85.126,0.0
85.127,1.902
85.128,0.0
85.129,1.92
85.13,0.0
85.131,1.83
85.132,0.0
85.133,1.824
85.134,0.0
85.135,1001.139
85.136,0.0
85.137,1.884
85.138,0.0
85.139,1.928
85.14,0.0
85.141,1.817
85.142,0.0
85.143,1.784
85.144,0.0
85.145,1.929
85.146,0.0
85.147,4999.049
85.148,0.0
85.149,1.883
85.15,0.0
85.151,1.919
85.152,0.0
85.153,1.839
85.154,0.0
85.155,1.983
85.156,0.0
85.157,1.759
85.158,0.0
85.159,2.034
85.16,0.0
85.161,1.865
85.162,0.0
85.163,2.073
85.164,0.0
85.165,2.158
85.166,0.0
85.167,1.942
85.168,0.0
85.169,2.026
85.17,0.0
85.171,1.947
85.172,0.0
85.173,2.014
85.174,0.0
85.175,1.845
85.176,0.0
85.177,1.819
85.178,0.0
85.179,2.316
85.18,0.0
85.181,1.961
85.182,0.0
85.183,1.838
85.184,0.0
85.185,1.823
85.186,0.0
85.187,1.88
85.188,0.0
85.189,2.045
85.19,0.0
85.191,2.1
85.192,0.0
85.193,2.052
85.194,0.0
85.195,2.061
85.196,0.0
85.197,2.008
85.198,0.0
85.199,1.958
85.2,0.0
85.201,1.936
85.202,0.0
85.203,1.852
85.204,0.0
85.205,1.821
85.206,0.0
85.207,1.82
85.208,0.0
85.209,1.623
85.21,3999
85.211,3999
85.212,3999
85.213,3999
85.214,3999
85.215,3999
85.216,3999
85.217,3999
85.218,3999
85.219,3999
85.22,0.0
85.221,1.908
85.222,0.0
85.223,1.938
85.224,0.0
85.225,1.847
85.226,0.0
85.227,1.682
85.228,0.0
85.229,1.699
85.23,1999
85.231,1999
85.232,1999
85.233,1999
85.234,1999
85.235,1999
85.236,1999
85.237,1999
85.238,1999
85.239,1999
85.24,0.0
85.241,1.844
85.242,0.0
85.243,1.84
85.244,0.0
85.245,1.862
85.246,0.0
85.247,1.893
85.248,0.0
85.249,1.856
85.25,4999
85.251,4999
85.252,4999
85.253,4999
85.254,4999
85.255,4999
85.256,4999
85.257,4999
85.258,4999
85.259,4999
85.26,0.0
85.261,2.315
85.262,0.0
85.263,1.864
85.264,0.0
85.265,1.837
85.266,0.0
85.267,1.823
85.268,0.0
85.269,1.791
85.27,0.0
85.271,1.804
85.272,0.0
85.273,1.835
85.274,0.0
85.275,1.914
85.276,0.0
85.277,1.949
85.278,0.0
85.279,1.813
85.28,0.0
85.281,1.849
85.282,0.0
85.283,1.868
85.284,0.0
85.285,1.912
85.286,0.0
85.287,1.836
85.288,0.0
85.289,1.956
85.29,0.0
85.291,1.862
85.292,0.0
85.293,1.89
85.294,0.0
85.295,1.917
85.296,0.0
85.297,1.925
85.298,0.0
85.299,1.955
85.3,0.0
85.301,1.897
85.302,0.0
85.303,1.872
85.304,0.0
85.305,1.884
85.306,0.0
85.307,1.807
85.308,0.0
85.309,1.885
85.31,0.0
85.311,1.957
85.312,0.0
85.313,1.813
85.314,0.0
85.315,1.844
85.316,0.0
85.317,1.842
85.318,0.0
85.319,1.882
85.32,0.0
85.321,1.846
85.322,0.0
85.323,1.921
85.324,0.0
85.325,2.001
85.326,0.0
85.327,1.81
85.328,0.0
85.329,1.836
85.33,0.0
85.331,1.834
85.332,0.0
85.333,1.826
85.334,0.0
85.335,1.935
85.336,0.0
85.337,4998.878
85.338,0.0
85.339,1.905
85.34,0.0
85.341,1.932
85.342,0.0
85.343,1.91
85.344,0.0
85.345,1.893
85.346,0.0
85.347,1.873
85.348,0.0
85.349,1.842
85.35,0.0
85.351,2.107
85.352,0.0
85.353,1.984
85.354,0.0
85.355,1.948
85.356,0.0
85.357,1.836
85.358,0.0
85.359,1.956
85.36,0.0
85.361,2.043
85.362,0.0
85.363,1.99
85.364,0.0
85.365,2.018
85.366,0.0
85.367,2.137
85.368,0.0
85.369,2.114
85.37,0.0
85.371,2.002
85.372,0.0
85.373,2.063
85.374,0.0
85.375,2.057
85.376,0.0
85.377,5.27
85.378,0.0
85.379,2.962
85.38,0.0
85.381,2.033
85.382,0.0
85.383,2.072
85.384,0.0
85.385,1.851
85.386,0.0
85.387,2.036
85.388,0.0
85.389,1.854
85.39,0.0
85.391,1.903
85.392,0.0
85.393,1.809
85.394,0.0
85.395,2.014
85.396,0.0
85.397,1.905
85.398,0.0
85.399,1.903
85.4,0.0
85.401,2.031
85.402,0.0
85.403,1.891
85.404,0.0
85.405,1.895
85.406,0.0
85.407,1.879
85.408,0.0
85.409,1.918
85.41,0.0
85.411,1.895
85.412,0.0
85.413,1.954
85.414,0.0
85.415,1.923
85.416,0.0
85.417,5000.738
85.418,0.0
85.419,2.109
85.42,2999
85.421,2999
85.422,2999
85.423,2999
85.424,2999
85.425,2999
85.426,2999
85.427,2999
85.428,2999
85.429,2999
85.43,0.0
85.431,1.898
85.432,0.0
85.433,1.902
85.434,0.0
85.435,2.015
85.436,0.0
85.437,1.767
85.438,0.0
85.439,2.034
85.44,0.0
85.441,1.951
85.442,0.0
85.443,2.039
85.444,0.0
85.445,2.091
85.446,0.0
85.447,2.039
85.448,0.0
85.449,2.155
85.45,0.0
85.451,2.087
85.452,0.0
85.453,2.064
85.454,0.0
85.455,2.035
85.456,0.0
85.457,1.861
85.458,0.0
85.459,1.901
85.46,0.0
85.461,2.027
85.462,0.0
85.463,1.995
85.464,0.0
85.465,4997.672
85.466,0.0
85.467,1.986
85.468,0.0
85.469,1.808
85.47,0.0
85.471,2.207
85.472,0.0
85.473,1.9
85.474,0.0
85.475,2.019
85.476,0.0
85.477,2.052
85.478,0.0
85.479,2.042
85.48,0.0
85.481,1.903
85.482,0.0
85.483,1.857
85.484,0.0
85.485,2.053
85.486,0.0
85.487,2.029
85.488,0.0
85.489,1.937
85.49,0.0
85.491,1.844
85.492,0.0
85.493,2.056
85.494,0.0
85.495,1.92
85.496,0.0
85.497,1.658
85.498,0.0
85.499,1.559
85.5,4999
85.501,4999
85.502,4999
85.503,4999
85.504,4999
85.505,4999
85.506,4999
85.507,4999
85.508,4999
85.509,4999
85.51,3999
85.511,3999
85.512,3999
85.513,3999
85.514,3999
85.515,3999
85.516,3999
85.517,3999
85.518,3999
85.519,3999
85.52,0.0
85.521,2.034
85.522,0.0
85.523,2.073
85.524,0.0
85.525,2.017
85.526,0.0
85.527,1.868
85.528,0.0
85.529,2.034
85.53,0.0
85.531,1.927
85.532,0.0
85.533,1.977
85.534,0.0
85.535,2.084
85.536,0.0
85.537,1.874
85.538,0.0
85.539,1.845
85.54,999
85.541,999
85.542,999
85.543,999
85.544,999
85.545,999
85.546,999
85.547,999
85.548,999
85.549,999
85.55,0.0
85.551,4998.472
85.552,0.0
85.553,1004.553
85.554,0.0
85.555,1.985
85.556,0.0
85.557,2.138
85.558,0.0
85.559,1.976
85.56,0.0
85.561,2.041
85.562,0.0
85.563,2.083
85.564,0.0
85.565,1.883
85.566,0.0
85.567,1.783
85.568,0.0
85.569,1.949
85.57,0.0
85.571,1.822
85.572,0.0
85.573,1.852
85.574,0.0
85.575,1.879
85.576,0.0
85.577,1.898
85.578,0.0
85.579,1.978
85.58,0.0
85.581,1.93
85.582,0.0
85.583,1.854
85.584,0.0
85.585,2.034
85.586,0.0
85.587,1001.753
85.588,0.0
85.589,2.029
85.59,0.0
85.591,2.054
85.592,0.0
85.593,1.963
85.594,0.0
85.595,2.131
85.596,0.0
85.597,2.069
85.598,0.0
85.599,2.047
85.6,0.0
85.601,2.04
85.602,0.0
85.603,2.158
85.604,0.0
85.605,2.13
85.606,0.0
85.607,2.103
85.608,0.0
85.609,2.125
85.61,0.0
85.611,1.964
85.612,0.0
85.613,2.066
85.614,0.0
85.615,5001.356
85.616,0.0
85.617,999.601
85.618,0.0
85.619,2.011
85.62,0.0
85.621,2.018
85.622,0.0
85.623,1.864
85.624,0.0
85.625,2.005
85.626,0.0
85.627,1.912
85.628,0.0
85.629,2.457
85.63,1999
85.631,1999
85.632,1999
85.633,1999
85.634,1999
85.635,1999
85.636,1999
85.637,1999
85.638,1999
85.639,1999
85.64,0.0
85.641,2.041
85.642,0.0
85.643,2.087
85.644,0.0
85.645,1.972
85.646,0.0
85.647,2.158
85.648,0.0
85.649,1.973
85.65,0.0
85.651,2.055
85.652,0.0
85.653,2.039
85.654,0.0
85.655,2.014
85.656,0.0
85.657,2.159
85.658,0.0
85.659,2.02
85.66,0.0
85.661,2.039
85.662,0.0
85.663,1.941
85.664,0.0
85.665,2.03
85.666,0.0
85.667,2.0
85.668,0.0
85.669,1.931
85.67,0.0
85.671,1.879
85.672,0.0
85.673,1.576
85.674,0.0
85.675,1.84
85.676,0.0
85.677,1.907
85.678,0.0
85.679,1.865
85.68,0.0
85.681,1.888
85.682,0.0
85.683,2.115
85.684,0.0
85.685,1.854
85.686,0.0
85.687,1.971
85.688,0.0
85.689,1.878
85.69,0.0
85.691,2.05
85.692,0.0
85.693,2.078
85.694,0.0
85.695,2.016
85.696,0.0
85.697,2.026
85.698,0.0
85.699,2.026
85.7,0.0
85.701,2.085
85.702,0.0
85.703,2.066
85.704,0.0
85.705,2.039
85.706,0.0
85.707,2.033
85.708,0.0
85.709,2.104
85.71,0.0
85.711,2.066
85.712,0.0
85.713,1.96
85.714,0.0
85.715,1.968
85.716,0.0
85.717,2.084
85.718,0.0
85.719,2.05
85.72,0.0
85.721,2.174
85.722,0.0
85.723,2.047
85.724,0.0
85.725,1.989
85.726,0.0
85.727,2.04
85.728,0.0
85.729,2.093
85.73,0.0
85.731,1.988
85.732,0.0
85.733,1.994
85.734,0.0
85.735,2.052
85.736,0.0
85.737,2.054
85.738,0.0
85.739,2.071
85.74,0.0
85.741,2.027
85.742,0.0
85.743,2.033
85.744,0.0
85.745,2.006
85.746,0.0
85.747,2.028
85.748,0.0
85.749,2.031
85.76,0.0
85.761,1.831
85.762,0.0
85.763,1.855
85.764,0.0
85.765,2.023
85.766,0.0
85.767,1.869
85.768,0.0
85.769,2.047
85.77,2999
85.771,2999
85.772,2999
85.773,2999
85.774,2999
85.775,2999
85.776,2999
85.777,2999
85.778,2999
85.779,2999
85.78,0.0
85.781,1.854
85.782,0.0
85.783,2.137
85.784,0.0
85.785,1.937
85.786,0.0
85.787,2.081
85.788,0.0
85.789,2.058
85.79,0.0
85.791,2.024
85.792,0.0
85.793,2.215
85.794,0.0
85.795,2.082
85.796,0.0
85.797,1.851
85.798,0.0
85.799,2.028
85.81,3999
85.811,3999
85.812,3999
85.813,3999
85.814,3999
85.815,3999
85.816,3999
85.817,3999
85.818,3999
85.819,3999
85.82,0.0
85.821,1001.34
85.822,0.0
85.823,2.08
85.824,0.0
85.825,1.964
85.826,0.0
85.827,1.857
85.828,0.0
85.829,1.888
85.83,0.0
85.831,1.949
85.832,0.0
85.833,2.026
85.834,0.0
85.835,2.033
85.836,0.0
85.837,1002.989
85.838,0.0
85.839,2.036
85.84,0.0
85.841,1.996
85.842,0.0
85.843,1.976
85.844,0.0
85.845,2.039
85.846,0.0
85.847,2.05
85.848,0.0
85.849,2.029
85.86,0.0
85.861,1.939
85.862,0.0
85.863,2.083
85.864,0.0
85.865,2.136
85.866,0.0
85.867,2.11
85.868,0.0
85.869,5001.001
85.87,0.0
85.871,1.953
85.872,0.0
85.873,8.746
85.874,0.0
85.875,6.563
85.876,0.0
85.877,4.351
85.878,0.0
85.879,2.159
85.88,0.0
85.881,2.066
85.882,0.0
85.883,2.153
85.884,0.0
85.885,2.053
85.886,0.0
85.887,2.089
85.888,0.0
85.889,1.968
85.89,0.0
85.891,2.013
85.892,0.0
85.893,1.947
85.894,0.0
85.895,1.85
85.896,0.0
85.897,2.018
85.898,0.0
85.899,1.843
85.91,0.0
85.911,2.041
85.912,0.0
85.913,2.129
85.914,0.0
85.915,1.836
85.916,0.0
85.917,2.027
85.918,0.0
85.919,1.946
85.92,0.0
85.921,2.117
85.922,0.0
85.923,2.038
85.924,0.0
85.925,2.034
85.926,0.0
85.927,1.893
85.928,0.0
85.929,1.85
85.93,0.0
85.931,1.8
85.932,0.0
85.933,2.11
85.934,0.0
85.935,2.123
85.936,0.0
85.937,2.035
85.938,0.0
85.939,2.063
85.94,0.0
85.941,2.014
85.942,0.0
85.943,1000.352
85.944,0.0
85.945,2.173
85.946,0.0
85.947,2.057
85.948,0.0
85.949,2.088
85.96,0.0
85.961,2.013
85.962,0.0
85.963,2.013
85.964,0.0
85.965,2.008
85.966,0.0
85.967,2.027
85.968,0.0
85.969,2.081
85.97,0.0
85.971,2.072
85.972,0.0
85.973,1.961
85.974,0.0
85.975,2.004
85.976,0.0
85.977,2.066
85.978,0.0
85.979,1.941
85.98,0.0
85.981,2.067
85.982,0.0
85.983,2.092
85.984,0.0
85.985,2.087
85.986,0.0
85.987,1.975
85.988,0.0
85.989,2.064
85.99,999
85.991,999
85.992,999
85.993,999
85.994,999
85.995,999
85.996,999
85.997,999
85.998,999
85.999,999
86.01,0.0
86.011,3.716
86.012,0.0
86.013,2.41
86.014,0.0
86.015,1.849
86.016,0.0
86.017,2.033
86.018,0.0
86.019,1.925
86.02,0.0
86.021,2.022
86.022,0.0
86.023,2.038
86.024,0.0
86.025,2.065
86.026,0.0
86.027,1.854
86.028,0.0
86.029,1.956
86.03,1999
86.031,1999
86.032,1999
86.033,1999
86.034,1999
86.035,1999
86.036,1999
86.037,1999
86.038,1999
86.039,1999
86.04,0.0
86.041,1.948
86.042,0.0
86.043,1.975
86.044,0.0
86.045,1.862
86.046,0.0
86.047,1.953
86.048,0.0
86.049,1.867
86.06,0.0
86.061,2.092
86.062,0.0
86.063,2.003
86.064,0.0
86.065,2.023
86.066,0.0
86.067,2.021
86.068,0.0
86.069,2.09
86.07,0.0
86.071,2.111
86.072,0.0
86.073,2.015
86.074,0.0
86.075,1.913
86.076,0.0
86.077,1.998
86.078,0.0
86.079,1.802
86.08,0.0
86.081,1.871
86.082,0.0
86.083,2.092
86.084,0.0
86.085,1.919
86.086,0.0
86.087,1.908
86.088,0.0
86.089,1.923
86.09,0.0
86.091,2.059
86.092,0.0
86.093,2.076
86.094,0.0
86.095,3.453
86.096,0.0
86.097,1.91
86.098,0.0
86.099,1.993
86.11,3999
86.111,3999
86.112,3999
86.113,3999
86.114,3999
86.115,3999
86.116,3999
86.117,3999
86.118,3999
86.119,3999
86.12,2999
86.121,2999
86.122,2999
86.123,2999
86.124,2999
86.125,2999
86.126,2999
86.127,2999
86.128,2999
86.129,2999
86.13,0.0
86.131,1.877
86.132,0.0
86.133,1.771
86.134,0.0
86.135,1.75
86.136,0.0
86.137,2.004
86.138,0.0
86.139,1.915
86.14,0.0
86.141,1.901
86.142,0.0
86.143,1.851
86.144,0.0
86.145,2.021
86.146,0.0
86.147,1.925
86.148,0.0
86.149,1.894
86.16,0.0
86.161,1.928
86.162,0.0
86.163,1.916
86.164,0.0
86.165,1.827
86.166,0.0
86.167,1.899
86.168,0.0
86.169,1004.384
86.17,0.0
86.171,1002.047
86.172,0.0
86.173,1.869
86.174,0.0
86.175,2.106
86.176,0.0
86.177,1.891
86.178,0.0
86.179,1.834
86.18,0.0
86.181,1.9
86.182,0.0
86.183,1.949
86.184,0.0
86.185,1.926
86.186,0.0
86.187,1.943
86.188,0.0
86.189,1.89
86.19,0.0
86.191,1.88
86.192,0.0
86.193,1.933
86.194,0.0
86.195,1.924
86.196,0.0
86.197,1.822
86.198,0.0
86.199,1.889
86.21,0.0
86.211,1.619
86.212,0.0
86.213,1.584
86.214,0.0
86.215,1.683
86.216,0.0
86.217,1.745
86.218,0.0
86.219,1.921
86.22,0.0
86.221,1.852
86.222,0.0
86.223,1.935
86.224,0.0
86.225,1.891
86.226,0.0
86.227,1.871
86.228,0.0
86.229,1.849
86.23,0.0
86.231,1.878
86.232,0.0
86.233,1.855
86.234,0.0
86.235,1.849
86.236,0.0
86.237,1012.874
86.238,0.0
86.239,1.882
86.24,0.0
86.241,1.946
86.242,0.0
86.243,1.862
86.244,0.0
86.245,1.875
86.246,0.0
86.247,1.911
86.248,0.0
86.249,1.918
86.26,0.0
86.261,1.759
86.262,0.0
86.263,1.726
86.264,0.0
86.265,1.667
86.266,0.0
86.267,1.558
86.268,0.0
86.269,1.582
86.27,0.0
86.271,1.598
86.272,0.0
86.273,1.603
86.274,0.0
86.275,1.598
86.276,0.0
86.277,1.862
86.278,0.0
86.279,1.746
86.28,0.0
86.281,1.619
86.282,0.0
86.283,1.862
86.284,0.0
86.285,1.865
86.286,0.0
86.287,1.883
86.288,0.0
86.289,1.799
86.29,0.0
86.291,1.662
86.292,0.0
86.293,1.888
86.294,0.0
86.295,2.012
86.296,0.0
86.297,1.861
86.298,0.0
86.299,1.899
86.31,0.0
86.311,1.995
86.312,0.0
86.313,1.901
86.314,0.0
86.315,1.893
86.316,0.0
86.317,1.869
86.318,0.0
86.319,1.929
86.32,0.0
86.321,1.907
86.322,0.0
86.323,1.92
86.324,0.0
86.325,1.897
86.326,0.0
86.327,1.911
86.328,0.0
86.329,1.891
86.33,0.0
86.331,1.927
86.332,0.0
86.333,1.892
86.334,0.0
86.335,1.853
86.336,0.0
86.337,1.876
86.338,0.0
86.339,1.884
86.34,0.0
86.341,1.935
86.342,0.0
86.343,1.917
86.344,0.0
86.345,1.876
86.346,0.0
86.347,1.889
86.348,0.0
86.349,1.927
86.36,0.0
86.361,2.017
86.362,0.0
86.363,2.079
86.364,0.0
86.365,1.887
86.366,0.0
86.367,2.003
86.368,0.0
86.369,2.002
86.37,0.0
86.371,1.911
86.372,0.0
86.373,1.892
86.374,0.0
86.375,2.026
86.376,0.0
86.377,1.853
86.378,0.0
86.379,1.841
86.38,0.0
86.381,1.83
86.382,0.0
86.383,1.863
86.384,0.0
86.385,1.891
86.386,0.0
86.387,1.901
86.388,0.0
86.389,2.026
86.39,0.0
86.391,2.051
86.392,0.0
86.393,2.055
86.394,0.0
86.395,2.011
86.396,0.0
86.397,2.046
86.398,0.0
86.399,2.116
86.41,3999
86.411,3999
86.412,3999
86.413,3999
86.414,3999
86.415,3999
86.416,3999
86.417,3999
86.418,3999
86.419,3999
86.42,0.0
86.421,2.051
86.422,0.0
86.423,1.985
86.424,0.0
86.425,2.018
86.426,0.0
86.427,1.902
86.428,0.0
86.429,1.856
86.43,1999
86.431,1999
86.432,1999
86.433,1999
86.434,1999
86.435,1999
86.436,1999
86.437,1999
86.438,1999
86.439,1999
86.44,999
86.441,999
86.442,999
86.443,999
86.444,999
86.445,999
86.446,999
86.447,999
86.448,999
86.449,999
86.46,0.0
86.461,2.054
86.462,0.0
86.463,2.12
86.464,0.0
86.465,2.049
86.466,0.0
86.467,1.942
86.468,0.0
86.469,1.883
86.47,2999
86.471,2999
86.472,2999
86.473,2999
86.474,2999
86.475,2999
86.476,2999
86.477,2999
86.478,2999
86.479,2999
86.48,0.0
86.481,1.862
86.482,0.0
86.483,2.005
86.484,0.0
86.485,1.866
86.486,0.0
86.487,1.931
86.488,0.0
86.489,1.889
86.49,0.0
86.491,1.911
86.492,0.0
86.493,1.919
86.494,0.0
86.495,1.839
86.496,0.0
86.497,1.808
86.498,0.0
86.499,1.895
86.51,0.0
86.511,2.064
86.512,0.0
86.513,2.0
86.514,0.0
86.515,1.91
86.516,0.0
86.517,1.909
86.518,0.0
86.519,2.006
86.52,0.0
86.521,1.922
86.522,0.0
86.523,1.897
86.524,0.0
86.525,1.994
86.526,0.0
86.527,1.942
86.528,0.0
86.529,1.975
86.53,0.0
86.531,1.909
86.532,0.0
86.533,1.99
86.534,0.0
86.535,1.83
86.536,0.0
86.537,1.935
86.538,0.0
86.539,2.125
86.54,0.0
86.541,1.898
86.542,0.0
86.543,2.015
86.544,0.0
86.545,4997.331
86.546,0.0
86.547,2.071
86.548,0.0
86.549,1.887
86.56,0.0
86.561,2.09
86.562,0.0
86.563,1.995
86.564,0.0
86.565,2.121
86.566,0.0
86.567,1.828
86.568,0.0
86.569,2.033
86.57,0.0
86.571,1004.231
86.572,0.0
86.573,1.932
86.574,0.0
86.575,2.074
86.576,0.0
86.577,2.06
86.578,0.0
86.579,2.078
86.58,0.0
86.581,2.093
86.582,0.0
86.583,2.167
86.584,0.0
86.585,2.014
86.586,0.0
86.587,1.901
86.588,0.0
86.589,1.849
86.59,0.0
86.591,2.108
86.592,0.0
86.593,1.976
86.594,0.0
86.595,2.176
86.596,0.0
86.597,1.908
86.598,0.0
86.599,24.862
86.61,0.0
86.611,11.301
86.612,0.0
86.613,9.043
86.614,0.0
86.615,6.875
86.616,0.0
86.617,4.561
86.618,0.0
86.619,2.768
86.62,0.0
86.621,22.284
86.622,0.0
86.623,19.999
86.624,0.0
86.625,17.803
86.626,0.0
86.627,15.516
86.628,0.0
86.629,13.323
86.63,0.0
86.631,11.798
86.632,0.0
86.633,9.606
86.634,0.0
86.635,7.374
86.636,0.0
86.637,5.231
86.638,0.0
86.639,3.014
86.64,0.0
86.641,25.006
86.642,0.0
86.643,22.819
86.644,0.0
86.645,20.586
86.646,0.0
86.647,18.402
86.648,0.0
86.649,22.215
86.66,0.0
86.661,9.596
86.662,0.0
86.663,7.469
86.664,0.0
86.665,5.185
86.666,0.0
86.667,3.026
86.668,0.0
86.669,3.605
86.67,0.0
86.671,1.831
86.672,0.0
86.673,2.079
86.674,0.0
86.675,1.938
86.676,0.0
86.677,2.052
86.678,0.0
86.679,1.969
86.68,0.0
86.681,1.975
86.682,0.0
86.683,1.966
86.684,0.0
86.685,1.993
86.686,0.0
86.687,1.915
86.688,0.0
86.689,1.854
86.69,0.0
86.691,2.093
86.692,0.0
86.693,1.879
86.694,0.0
86.695,1.782
86.696,0.0
86.697,2.013
86.698,0.0
86.699,2.019
86.71,3999
86.711,3999
86.712,3999
86.713,3999
86.714,3999
86.715,3999
86.716,3999
86.717,3999
86.718,3999
86.719,3999
86.72,0.0
86.721,2.002
86.722,0.0
86.723,1.983
86.724,0.0
86.725,1.976
86.726,0.0
86.727,4999.847
86.728,0.0
86.729,1.886
86.73,0.0
86.731,1.992
86.732,0.0
86.733,1.87
86.734,0.0
86.735,2.026
86.736,0.0
86.737,1.987
86.738,0.0
86.739,1.941
86.74,0.0
86.741,2.111
86.742,0.0
86.743,2.093
86.744,0.0
86.745,1.989
86.746,0.0
86.747,1.965
86.748,0.0
86.749,2.021
86.77,0.0
86.771,1.819
86.772,0.0
86.773,1.828
86.774,0.0
86.775,1.698
86.776,0.0
86.777,1.629
86.778,0.0
86.779,1.846
86.78,0.0
86.781,1.856
86.782,0.0
86.783,1.704
86.784,0.0
86.785,1.514
86.786,0.0
86.787,1.537
86.788,0.0
86.789,1.497
86.79,0.0
86.791,1.502
86.792,0.0
86.793,1.611
86.794,0.0
86.795,1.894
86.796,0.0
86.797,1.899
86.798,0.0
86.799,1.897
86.82,2999
86.821,2999
86.822,2999
86.823,2999
86.824,2999
86.825,2999
86.826,2999
86.827,2999
86.828,2999
86.829,2999
86.83,1999
86.831,1999
86.832,1999
86.833,1999
86.834,1999
86.835,1999
86.836,1999
86.837,1999
86.838,1999
86.839,1999
86.84,0.0
86.841,1.9
86.842,0.0
86.843,1.966
86.844,0.0
86.845,999.683
86.846,0.0
86.847,1.99
86.848,0.0
86.849,1.832
86.87,0.0
86.871,1.884
86.872,0.0
86.873,1.746
86.874,0.0
86.875,1.652
86.876,0.0
86.877,1.616
86.878,0.0
86.879,1.866
86.88,0.0
86.881,1.891
86.882,0.0
86.883,1.878
86.884,0.0
86.885,1.875
86.886,0.0
86.887,1.89
86.888,0.0
86.889,1.943
86.89,999
86.891,999
86.892,999
86.893,999
86.894,999
86.895,999
86.896,999
86.897,999
86.898,999
86.899,999
86.92,0.0
86.921,1.955
86.922,0.0
86.923,1.918
86.924,0.0
86.925,1.917
86.926,0.0
86.927,1.844
86.928,0.0
86.929,1.807
86.93,0.0
86.931,1.848
86.932,0.0
86.933,1.865
86.934,0.0
86.935,1.886
86.936,0.0
86.937,1.785
86.938,0.0
86.939,1.447
86.94,0.0
86.941,1.435
86.942,0.0
86.943,1.425
86.944,0.0
86.945,1.641
86.946,0.0
86.947,1.779
86.948,0.0
86.949,1.508
86.97,0.0
86.971,1.844
86.972,0.0
86.973,1.875
86.974,0.0
86.975,1.87
86.976,0.0
86.977,2.103
86.978,0.0
86.979,1.718
86.98,0.0
86.981,1.626
86.982,0.0
86.983,1.627
86.984,0.0
86.985,1.657
86.986,0.0
86.987,1.833
86.988,0.0
86.989,1.835
86.99,0.0
86.991,1.876
86.992,0.0
86.993,1.845
86.994,0.0
86.995,1.819
86.996,0.0
86.997,1.716
86.998,0.0
86.999,1.611
87.02,0.0
87.021,1.711
87.022,0.0
87.023,1.831
87.024,0.0
87.025,2.031
87.026,0.0
87.027,2.029
87.028,0.0
87.029,2.151
87.03,0.0
87.031,1001.122
87.032,0.0
87.033,2.074
87.034,0.0
87.035,2.065
87.036,0.0
87.037,1.964
87.038,0.0
87.039,2.116
87.04,0.0
87.041,2.086
87.042,0.0
87.043,2.026
87.044,0.0
87.045,2.065
87.046,0.0
87.047,2.021
87.048,0.0
87.049,2.002
87.07,0.0
87.071,2.076
87.072,0.0
87.073,2.046
87.074,0.0
87.075,2.048
87.076,0.0
87.077,1.894
87.078,0.0
87.079,2.008
87.08,0.0
87.081,2.078
87.082,0.0
87.083,1.962
87.084,0.0
87.085,2.022
87.086,0.0
87.087,1.854
87.088,0.0
87.089,1.964
87.09,0.0
87.091,1.892
87.092,0.0
87.093,1.947
87.094,0.0
87.095,1.89
87.096,0.0
87.097,1.998
87.098,0.0
87.099,2.042
87.12,0.0
87.121,26.435
87.122,0.0
87.123,24.232
87.124,0.0
87.125,22.019
87.126,0.0
87.127,19.665
87.128,0.0
87.129,21.331
87.13,0.0
87.131,19.163
87.132,0.0
87.133,16.9
87.134,0.0
87.135,14.767
87.136,0.0
87.137,20.444
87.138,0.0
87.139,18.2
87.14,0.0
87.141,15.981
87.142,0.0
87.143,13.797
87.144,0.0
87.145,18.317
87.146,0.0
87.147,16.235
87.148,0.0
87.149,14.073
87.17,2999
87.171,2999
87.172,2999
87.173,2999
87.174,2999
87.175,2999
87.176,2999
87.177,2999
87.178,2999
87.179,2999
87.18,0.0
87.181,1.908
87.182,0.0
87.183,2.038
87.184,0.0
87.185,2.072
87.186,0.0
87.187,1.857
87.188,0.0
87.189,2.007
87.19,0.0
87.191,2.057
87.192,0.0
87.193,1.956
87.194,0.0
87.195,1.998
87.196,0.0
87.197,1.972
87.198,0.0
87.199,2.057
87.22,0.0
87.221,2.055
87.222,0.0
87.223,2.107
87.224,0.0
87.225,5.176
87.226,0.0
87.227,2.982
87.228,0.0
87.229,1.736
87.23,1999
87.231,1999
87.232,1999
87.233,1999
87.234,1999
87.235,1999
87.236,1999
87.237,1999
87.238,1999
87.239,1999
87.24,0.0
87.241,1.919
87.242,0.0
87.243,1.922
87.244,0.0
87.245,1.988
87.246,0.0
87.247,2.031
87.248,0.0
87.249,2.038
87.27,0.0
87.271,1.724
87.272,0.0
87.273,2.13
87.274,0.0
87.275,2.146
87.276,0.0
87.277,1.92
87.278,0.0
87.279,1.835
87.28,0.0
87.281,2.05
87.282,0.0
87.283,2.058
87.284,0.0
87.285,1.796
87.286,0.0
87.287,1.95
87.288,0.0
87.289,1.848
87.29,0.0
87.291,1.986
87.292,0.0
87.293,1.857
87.294,0.0
87.295,2.154
87.296,0.0
87.297,1.933
87.298,0.0
87.299,1.832
87.32,0.0
87.321,1.825
87.322,0.0
87.323,1.875
87.324,0.0
87.325,2.293
87.326,0.0
87.327,3.408
87.328,0.0
87.329,1.852
87.33,0.0
87.331,1.935
87.332,0.0
87.333,8.67
87.334,0.0
87.335,6.497
87.336,0.0
87.337,8.35
87.338,0.0
87.339,6.097
87.34,999
87.341,999
87.342,999
87.343,999
87.344,999
87.345,999
87.346,999
87.347,999
87.348,999
87.349,999
87.37,0.0
87.371,3.744
87.372,0.0
87.373,1.943
87.374,0.0
87.375,1.815
87.376,0.0
87.377,2.382
87.378,0.0
87.379,1.997
87.38,0.0
87.381,1.903
87.382,0.0
87.383,1.98
87.384,0.0
87.385,1.958
87.386,0.0
87.387,1.872
87.388,0.0
87.389,2.064
87.39,0.0
87.391,2.058
87.392,0.0
87.393,2.076
87.394,0.0
87.395,2.066
87.396,0.0
87.397,2.686
87.398,0.0
87.399,2.068
87.42,0.0
87.421,2.139
87.422,0.0
87.423,1.95
87.424,0.0
87.425,2.003
87.426,0.0
87.427,2.061
87.428,0.0
87.429,2.036
87.43,0.0
87.431,2.028
87.432,0.0
87.433,2.0
87.434,0.0
87.435,2.074
87.436,0.0
87.437,2.009
87.438,0.0
87.439,2.067
87.44,0.0
87.441,2.092
87.442,0.0
87.443,2.082
87.444,0.0
87.445,1.959
87.446,0.0
87.447,1.914
87.448,0.0
87.449,1.968
87.47,0.0
87.471,1.816
87.472,0.0
87.473,1.825
87.474,0.0
87.475,1.936
87.476,0.0
87.477,1.901
87.478,0.0
87.479,2.103
87.48,0.0
87.481,2.15
87.482,0.0
87.483,1.923
87.484,0.0
87.485,1.898
87.486,0.0
87.487,1.731
87.488,0.0
87.489,1.535
87.49,0.0
87.491,1.936
87.492,0.0
87.493,1.887
87.494,0.0
87.495,1.927
87.496,0.0
87.497,1.991
87.498,0.0
87.499,2.042
87.52,2999
87.521,2999
87.522,2999
87.523,2999
87.524,2999
87.525,2999
87.526,2999
87.527,2999
87.528,2999
87.529,2999
87.53,0.0
87.531,1.926
87.532,0.0
87.533,1.992
87.534,0.0
87.535,998.989
87.536,0.0
87.537,2.049
87.538,0.0
87.539,1.894
87.54,0.0
87.541,1.895
87.542,0.0
87.543,1.841
87.544,0.0
87.545,2.083
87.546,0.0
87.547,1.871
87.548,0.0
87.549,2.052
87.57,0.0
87.571,2.066
87.572,0.0
87.573,2.08
87.574,0.0
87.575,2.129
87.576,0.0
87.577,2.082
87.578,0.0
87.579,1.983
87.58,0.0
87.581,2.053
87.582,0.0
87.583,2.071
87.584,0.0
87.585,2.112
87.586,0.0
87.587,1001.315
87.588,0.0
87.589,2.043
87.59,0.0
87.591,2.035
87.592,0.0
87.593,2.077
87.594,0.0
87.595,2.054
87.596,0.0
87.597,1.952
87.598,0.0
87.599,2.006
87.62,0.0
87.621,2.052
87.622,0.0
87.623,1.847
87.624,0.0
87.625,2.154
87.626,0.0
87.627,2.046
87.628,0.0
87.629,1.967
87.63,1999
87.631,1999
87.632,1999
87.633,1999
87.634,1999
87.635,1999
87.636,1999
87.637,1999
87.638,1999
87.639,1999
87.64,0.0
87.641,2.07
87.642,0.0
87.643,2.039
87.644,0.0
87.645,1.929
87.646,0.0
87.647,2.011
87.648,0.0
87.649,1.94
87.67,0.0
87.671,2.044
87.672,0.0
87.673,2.076
87.674,0.0
87.675,1.939
87.676,0.0
87.677,2.071
87.678,0.0
87.679,1.872
87.68,0.0
87.681,5000.801
87.682,0.0
87.683,2.062
87.684,0.0
87.685,2.071
87.686,0.0
87.687,2.021
87.688,0.0
87.689,2.028
87.69,0.0
87.691,1.928
87.692,0.0
87.693,1.959
87.694,0.0
87.695,2.05
87.696,0.0
87.697,2.051
87.698,0.0
87.699,2.06
87.72,0.0
87.721,2.044
87.722,0.0
87.723,1.899
87.724,0.0
87.725,2.08
87.726,0.0
87.727,2.058
87.728,0.0
87.729,2.083
87.73,0.0
87.731,1.843
87.732,0.0
87.733,1.993
87.734,0.0
87.735,2.006
87.736,0.0
87.737,1.905
87.738,0.0
87.739,2.117
87.74,0.0
87.741,2.124
87.742,0.0
87.743,2.067
87.744,0.0
87.745,2.065
87.746,0.0
87.747,2.049
87.748,0.0
87.749,1.996
87.78,0.0
87.781,1.853
87.782,0.0
87.783,1.962
87.784,0.0
87.785,1.83
87.786,0.0
87.787,1.71
87.788,0.0
87.789,1.776
87.79,999
87.791,999
87.792,999
87.793,999
87.794,999
87.795,999
87.796,999
87.797,999
87.798,999
87.799,999
87.83,0.0
87.831,2.002
87.832,0.0
87.833,2.011
87.834,0.0
87.835,2.055
87.836,0.0
87.837,2.068
87.838,0.0
87.839,2.15
87.84,0.0
87.841,2.088
87.842,0.0
87.843,2.051
87.844,0.0
87.845,2.155
87.846,0.0
87.847,2.053
87.848,0.0
87.849,2.184
87.88,0.0
87.881,1.972
87.882,0.0
87.883,2.016
87.884,0.0
87.885,2.05
87.886,0.0
87.887,1.997
87.888,0.0
87.889,2.104
87.89,0.0
87.891,1.935
87.892,0.0
87.893,2.058
87.894,0.0
87.895,2.052
87.896,0.0
87.897,1.95
87.898,0.0
87.899,2.05
87.93,0.0
87.931,1.972
87.932,0.0
87.933,2.047
87.934,0.0
87.935,2.036
87.936,0.0
87.937,2.06
87.938,0.0
87.939,1.842
87.94,0.0
87.941,2.301
87.942,0.0
87.943,2.06
87.944,0.0
87.945,2.12
87.946,0.0
87.947,2.044
87.948,0.0
87.949,1.967
87.98,0.0
87.981,1.85
87.982,0.0
87.983,1.876
87.984,0.0
87.985,1.651
87.986,0.0
87.987,1.68
87.988,0.0
87.989,1.624
87.99,0.0
87.991,1.565
87.992,0.0
87.993,1.629
87.994,0.0
87.995,1.62
87.996,0.0
87.997,1.578
87.998,0.0
87.999,1.57
88.03,1999
88.031,1999
88.032,1999
88.033,1999
88.034,1999
88.035,1999
88.036,1999
88.037,1999
88.038,1999
88.039,1999
88.04,0.0
88.041,1.624
88.042,0.0
88.043,6.874
88.044,0.0
88.045,5.878
88.046,0.0
88.047,3.693
88.048,0.0
88.049,1.838
88.08,0.0
88.081,2.176
88.082,0.0
88.083,1.832
88.084,0.0
88.085,1.937
88.086,0.0
88.087,2.492
88.088,0.0
88.089,2.024
88.09,0.0
88.091,3.278
88.092,0.0
88.093,1.747
88.094,0.0
88.095,1.799
88.096,0.0
88.097,2.081
88.098,0.0
88.099,2.02
88.13,0.0
88.131,1.848
88.132,0.0
88.133,1.727
88.134,0.0
88.135,1.517
88.136,0.0
88.137,1.85
88.138,0.0
88.139,1.943
88.14,0.0
88.141,1.901
88.142,0.0
88.143,2.083
88.144,0.0
88.145,1.911
88.146,0.0
88.147,1.832
88.148,0.0
88.149,1.644
88.18,0.0
88.181,1.875
88.182,0.0
88.183,1.986
88.184,0.0
88.185,1.93
88.186,0.0
88.187,1.872
88.188,0.0
88.189,1.912
88.19,0.0
88.191,1.915
88.192,0.0
88.193,1.856
88.194,0.0
88.195,1.956
88.196,0.0
88.197,1.921
88.198,0.0
88.199,1.951
88.23,0.0
88.231,1.895
88.232,0.0
88.233,1.93
88.234,0.0
88.235,1.86
88.236,0.0
88.237,1.892
88.238,0.0
88.239,1.819
88.24,999
88.241,999
88.242,999
88.243,999
88.244,999
88.245,999
88.246,999
88.247,999
88.248,999
88.249,999
88.28,0.0
88.281,2.199
88.282,0.0
88.283,2.165
88.284,0.0
88.285,2.14
88.286,0.0
88.287,1.903
88.288,0.0
88.289,2.137
88.29,0.0
88.291,2.033
88.292,0.0
88.293,2.049
88.294,0.0
88.295,2.08
88.296,0.0
88.297,2.126
88.298,0.0
88.299,2.143
88.33,0.0
88.331,2.175
88.332,0.0
88.333,2.029
88.334,0.0
88.335,2.191
88.336,0.0
88.337,1.9
88.338,0.0
88.339,2.017
88.34,0.0
88.341,2.045
88.342,0.0
88.343,2.113
88.344,0.0
88.345,2.073
88.346,0.0
88.347,2.362
88.348,0.0
88.349,2.082
88.38,0.0
88.381,1001.044
88.382,0.0
88.383,2.07
88.384,0.0
88.385,2.069
88.386,0.0
88.387,1.948
88.388,0.0
88.389,2.04
88.39,0.0
88.391,2.025
88.392,0.0
88.393,1.838
88.394,0.0
88.395,2.035
88.396,0.0
88.397,2.072
88.398,0.0
88.399,1.985
88.43,1999
88.431,1999
88.432,1999
88.433,1999
88.434,1999
88.435,1999
88.436,1999
88.437,1999
88.438,1999
88.439,1999
88.44,0.0
88.441,2.005
88.442,0.0
88.443,2.015
88.444,0.0
88.445,1.997
88.446,0.0
88.447,1.867
88.448,0.0
88.449,1.921
88.48,0.0
88.481,1.844
88.482,0.0
88.483,2.0
88.484,0.0
88.485,1.938
88.486,0.0
88.487,1.835
88.488,0.0
88.489,1.916
88.49,0.0
88.491,1.931
88.492,0.0
88.493,1.945
88.494,0.0
88.495,1001.544
88.496,0.0
88.497,1.886
88.498,0.0
88.499,1.857
88.5300000001,0.0
88.5310000001,2.051
88.5320000001,0.0
88.5330000001,2.059
88.5340000001,0.0
88.5350000001,2.029
88.5360000001,0.0
88.5370000001,1.991
88.5380000001,0.0
88.5390000001,1.979
88.5400000001,0.0
88.5410000001,2.017
88.5420000001,0.0
88.5430000001,2.068
88.5440000001,0.0
88.5450000001,1.969
88.5460000001,0.0
88.5470000001,4997.552
88.5480000001,0.0
88.5490000001,2.048
88.5800000001,0.0
88.5810000001,2.047
88.5820000001,0.0
88.5830000001,2.057
88.5840000001,0.0
88.5850000001,2.035
88.5860000001,0.0
88.5870000001,2.105
88.5880000001,0.0
88.5890000001,2.147
88.5900000001,0.0
88.5910000001,2.088
88.5920000001,0.0
88.5930000001,1.942
88.5940000001,0.0
88.5950000001,2.063
88.5960000001,0.0
88.5970000001,2.135
88.5980000001,0.0
88.5990000001,2.169
88.6300000001,0.0
88.6310000001,2.825
88.6320000001,0.0
88.6330000001,21.924
88.6340000001,0.0
88.6350000001,19.616
88.6360000001,0.0
88.6370000001,17.32
88.6380000001,0.0
88.6390000001,14.976
88.6400000001,0.0
88.6410000001,12.692
88.6420000001,0.0
88.6430000001,10.896
88.6440000001,0.0
88.6450000001,8.652
88.6460000001,0.0
88.6470000001,6.342
88.6480000001,0.0
88.6490000001,4.153
88.6800000001,0.0
88.6810000001,12.414
88.6820000001,0.0
88.6830000001,10.114
88.6840000001,0.0
88.6850000001,11.772
88.6860000001,0.0
88.6870000001,9.463
88.6880000001,0.0
88.6890000001,15.184
88.6900000001,999
88.6910000001,999
88.6920000001,999
88.6930000001,999
88.6940000001,999
88.6950000001,999
88.6960000001,999
88.6970000001,999
88.6980000001,999
88.6990000001,999
