2.59092
1.91988
1.7509
1.30232
3.83472
1.4849
0.92132
2.42207
2.33907
2.42305
2.519
2.67986
2.17954
0.19854
2.62352
2.41131
2.35011
2.59689
2.59608
2.19312
1.99255
0.56272
2.44636
2.45332
2.41968
1.08276
0.37862
4.13777
0.73203
2.95237
0.56026
1.07473
2.93268
1.99508
2.471
1.96262
2.58221
1.75217
0.0
2.36399
1.25318
2.41458
2.60442
2.16477
2.34005
2.45036
2.20367
2.44825
2.4018
2.27272
1.95398
0.32433
2.1993
2.13184
2.16909
2.10791
2.06996
2.48485
2.24902
2.22529
2.26571
2.54319
2.02807
0.3987
1.83186
2.43227
2.15449
2.1672
2.11824
2.31477
2.16405
2.44484
2.41786
2.354
1.46739
0.99102
2.75309
2.08213
2.39797
2.34954
2.36758
2.40017
1.94588
0.31572
1.69333
2.47912
2.34334
2.39085
2.11032
2.1221
2.32816
2.06138
2.11153
1.94334
0.451
2.03867
2.40158
3.13735
2.15595
2.74412
2.0692
2.32588
2.24985
2.40172
2.31799
0.0
2.25637
2.31005
2.30175
2.1741
2.41831
2.21859
2.48613
2.28491
2.32751
0.17545
2.08641
2.18666
2.41732
2.24466
2.14695
2.26181
2.14397
2.6283
3.39338
0.0
0.95497
2.51183
2.41206
2.45625
2.20729
2.37161
2.40467
2.22301
0.04604
2.11813
2.39032
2.3099
2.36653
2.07798
2.11966
2.17913
0.0
0.60942
2.13078
2.28867
2.08992
2.42567
2.59085
2.45705
2.05242
2.16674
0.54424
1.68403
2.12391
2.42122
2.48558
2.01974
1.9877
2.63414
2.57688
2.09997
1.96911
0.23566
2.03551
2.10055
2.24575
2.34765
2.14986
2.15316
2.18568
2.13056
1.79502
0.35354
2.09281
2.2885
2.18144
2.16498
2.10253
2.29265
2.17903
2.09777
2.25751
1.28966
0.6797
2.6831
2.40517
2.02941
2.37189
2.31984
2.11541
2.37685
2.42176
2.05504
0.71215
1.39112
2.09699
2.29597
2.58638
2.66524
2.4972
2.13628
2.13441
1.27692
1.21041
2.47824
2.13935
2.4619
2.08844
2.61255
2.36551
2.44432
1.75696
0.52293
1.98991
2.18728
2.15064
2.15636
2.28851
2.25736
1.99639
1.95929
2.20948
0.85661
1.49339
2.21695
2.57511
2.16305
2.32288
2.93886
2.0486
2.46537
2.04611
1.96224
0.0
1.01114
2.17144
2.24896
2.30943
2.20278
2.07076
2.1853
2.13369
2.18958
1.13213
1.05764
2.03666
2.03288
2.01964
1.97728
1.61317
0.75795
3.23775
0.62524
1.69611
1.674
0.94928
1.79374
3.44504
2.3723
2.30606
2.43436
2.04918
1.79298
2.72344
1.52235
0.60649
1.95961
2.12235
1.99827
2.28262
2.26217
2.40483
1.83865
0.45761
2.03093
2.44636
2.0459
2.4947
2.20035
2.10878
0.12904
2.07142
2.41166
2.47856
2.2105
2.81687
1.96103
2.29105
2.97333
0.50426
1.75161
2.51272
2.56622
2.36195
2.24233
2.2668
2.12183
2.63772
1.47283
0.65459
2.39959
2.145
2.19263
2.35836
2.54574
2.14035
2.1243
2.11262
1.26204
1.77732
2.35145
2.81706
2.5176
2.22718
2.44434
2.46088
2.22557
0.0
1.97022
2.43557
2.42457
2.456
2.59177
2.43232
2.08536
1.68639
0.40504
2.5033
2.34488
2.53295
2.09914
2.19851
2.41686
2.09272
2.35864
0.11521
2.26055
2.10147
2.42678
2.30254
2.18871
2.21227
2.26175
0.0
0.16592
2.00059
2.33982
2.31479
2.95874
2.09863
2.40383
2.71281
0.7081
1.81642
2.35439
2.22546
2.34931
2.49181
2.39399
1.41908
0.88729
2.48846
2.82778
2.40403
2.61374
2.03935
2.70336
2.37881
1.30775
1.09328
2.22037
2.34159
2.42413
2.51088
2.24172
2.27412
0.06915
2.14892
2.27042
2.5404
2.4895
1.97449
2.2275
2.40165
1.36187
1.14259
2.35892
2.63729
1.93766
2.01991
2.37772
2.24136
2.07458
2.10291
2.42039
0.0
2.10631
2.55407
2.64797
1.94611
2.05015
2.30524
2.16632
2.45336
1.51898
0.44425
2.02818
2.15616
2.37775
2.16957
2.17394
1.91662
1.95035
1.5979
0.98276
2.02756
2.70962
2.51803
2.59693
2.59423
2.04967
0.7401
1.47588
2.16106
2.48228
2.05774
2.53848
2.13136
2.57232
2.75264
0.0963
2.48402
2.30729
2.00334
2.1971
2.55023
2.10471
2.37125
0.0
1.14119
2.3686
1.95218
2.17475
2.39589
1.93148
2.46989
0.18442
2.13382
2.50652
2.89524
2.47908
2.30371
2.09287
2.40217
0.64015
1.39781
2.46277
2.03228
2.08565
2.03505
2.36614
2.59165
2.11511
0.0
2.30944
2.11462
2.14789
2.14007
2.45208
2.32178
0.0
2.21022
2.24966
2.12677
2.34647
0.55965
0.89153
4.22382
2.40208
3.09268
0.02883
2.38791
2.10636
2.36751
2.49616
2.35498
2.48235
2.1291
8.19723
16.01796
15.65362
12.50041
11.31644
0.0
16.21993
15.74254
18.09013
18.37803
14.139
16.7373
17.95016
16.84818
16.71076
17.44051
17.61362
16.2084
15.99019
17.60544
16.1612
17.79624
16.65271
17.17135
16.66278
16.9471
15.78511
16.15022
16.58033
17.09078
16.79732
15.22274
17.5961
15.84169
16.73266
17.52092
19.00062
18.38394
18.58299
19.13431
18.64745
19.1793
19.26783
19.29251
17.9887
17.83213
18.7481
19.57119
18.91418
19.15532
18.31922
18.16296
17.30943
17.25435
15.81299
16.74375
17.08089
0.0
16.45308
17.25858
15.65554
16.42961
16.25763
0.0
17.27022
16.66013
16.66927
17.32685
16.98784
17.40089
16.71196
14.6511
17.67788
17.43498
17.23352
17.46309
17.13537
16.95981
15.34672
16.21269
16.98345
16.21935
17.56629
18.20628
17.24702
17.95862
18.93242
16.2715
15.06239
17.52373
17.26594
16.44089
17.19671
16.87036
17.11718
16.52936
16.76239
17.90668
17.65412
16.88977
17.50213
0.0
15.51546
17.81473
15.26906
17.41768
17.44644
17.79691
17.60701
17.36074
18.1303
15.87751
16.40278
16.8783
18.0388
17.77203
17.54851
16.70717
17.30525
16.61438
0.0
16.23891
17.91499
16.68085
16.99324
16.62004
16.17163
16.95814
16.84163
16.3658
17.29753
16.60487
16.59216
16.23899
14.78253
16.68789
16.44922
16.86493
17.878
17.37172
17.30616
16.96681
16.24058
16.09214
17.59414
17.55746
16.2314
16.9482
16.65638
17.16793
15.71731
16.00535
17.0829
16.82967
17.94939
17.57186
16.7062
17.18739
15.79683
16.9085
17.01757
17.08909
17.35841
17.53453
17.78741
0.0
16.16231
16.75946
17.93086
16.64889
17.54116
17.32649
17.5018
16.83087
16.80818
17.53228
18.13313
17.94006
17.53469
17.37622
17.7449
16.71406
17.11323
16.30327
16.84115
17.3388
17.39821
16.37973
17.8597
18.18361
17.32632
17.68956
17.08959
16.79659
16.92978
16.87806
17.54076
17.20217
16.80244
17.37334
14.86995
17.43297
7.7365
2.37818
2.54502
2.709
2.52266
2.74907
1.0733
3.02152
2.37286
2.62852
2.577
2.05749
3.86831
2.39685
1.20418
2.5723
2.4524
2.46099
3.50329
2.80158
2.67774
0.89355
2.58999
3.15394
1.53738
2.26506
5.35885
2.99931
2.21493
1.16503
2.62161
2.59764
1.70611
2.45058
2.0663
3.05135
1.49628
1.4711
2.44755
3.56033
2.6026
3.25289
2.64257
3.48103
0.02852
2.46826
3.56888
2.94362
2.448
2.7926
2.35289
2.86126
0.38398
3.00703
2.7721
2.98525
2.56994
2.4005
1.63328
1.24626
2.36019
3.9816
2.46273
2.9675
2.17548
2.37518
1.03331
1.63535
2.14459
3.55188
3.34941
2.55012
2.77774
2.72494
3.10277
3.02632
0.30887
2.81249
2.88393
3.12604
2.33817
2.45831
2.71348
2.2921
3.83736
1.12429
2.00828
3.35337
3.04665
3.14326
2.56829
2.58778
3.97939
1.0521
1.90036
3.22435
3.21888
2.57649
2.57189
2.26563
2.27806
1.84591
0.35269
2.23968
2.48249
2.58801
2.4699
2.21307
2.69946
0.02006
2.14552
2.5458
2.15281
2.2803
2.02324
2.54647
1.72747
0.97852
2.44024
2.2502
2.56941
2.82027
3.94203
2.37776
0.0
0.61487
2.14797
2.44244
3.28441
2.36338
2.47289
2.87604
2.62698
0.26415
2.50515
2.68201
2.49481
2.21977
2.35043
2.54155
1.71272
0.69634
2.86062
2.45758
2.24964
2.46724
2.20645
2.36538
0.27232
2.35551
2.17071
2.01751
3.02071
2.51274
2.51331
1.72517
1.04511
2.46342
2.44169
2.55163
2.66806
2.47716
2.51425
0.02855
2.48196
2.392
1.91032
2.40521
2.13218
2.32753
0.34482
2.38034
2.45588
2.61282
2.48355
2.08832
2.19362
1.54035
1.24533
2.55955
2.27441
2.1832
2.62886
2.49041
2.1197
0.0
2.26541
2.38838
2.14604
2.22528
2.46851
2.65002
0.36103
1.96243
2.63096
2.53854
2.34422
2.60182
2.64626
2.03603
0.20017
2.53246
2.49749
2.55886
2.51847
2.4289
2.14257
0.41816
2.17222
2.2784
2.52479
2.55071
2.45414
2.23341
0.47222
2.10267
2.13213
2.32322
2.58389
2.49483
2.65159
1.5128
1.12266
2.29865
2.73344
2.07692
2.36394
2.4834
2.40994
1.47319
1.01471
2.34161
2.59038
2.47273
2.42854
1.63947
1.59145
0.85975
1.86385
3.18457
2.15868
3.06917
1.72408
3.37623
0.02514
0.0
0.03387
0.11734
