0.74943
5.54994
4.50579
5.06859
5.23102
5.37981
3.55785
3.58101
3.49164
5.31736
5.26271
4.40648
2.3988
2.54681
2.70134
3.66546
3.48757
2.65615
3.78527
5.07829
3.95918
2.69858
2.55656
2.57064
3.24044
4.36156
5.39827
5.39881
3.63487
4.18628
5.37222
5.00919
5.22485
5.30036
5.37506
5.13544
5.3792
4.63882
3.34337
5.17334
3.77769
4.93626
4.91682
4.93763
5.30234
3.15874
4.66827
3.83853
3.02011
3.45439
2.55128
2.49107
3.27396
4.06759
5.32051
4.78804
4.24246
2.58681
2.69722
2.59801
3.17847
5.29436
4.39699
2.68199
2.8072
2.68594
2.32112
4.29021
4.42745
2.68832
2.73206
3.90817
3.01709
3.3681
3.45503
3.46646
3.6289
4.96194
4.18582
3.36286
3.16467
5.38974
3.92436
3.52475
3.779
2.99787
2.84322
3.73941
3.60993
3.17128
3.07753
2.7729
3.2395
2.56441
2.79149
2.75419
3.01054
3.28502
3.68338
3.63564
7.50556
6.76299
6.77803
7.32492
8.09742
7.01604
5.55036
7.82586
7.28811
6.35312
3.00187
2.96301
3.30996
2.75594
3.0855
2.62699
2.41867
3.02385
2.43891
2.43648
2.56737
2.33926
3.33663
3.27672
2.65041
3.17866
3.06151
2.45312
2.60339
2.5688
2.63469
2.467
2.48626
3.39334
2.65313
2.91731
2.57184
2.64659
2.48173
4.07658
2.71815
3.15052
3.67058
2.80813
2.92785
3.41094
1.00101
2.85512
2.78248
3.08509
2.03778
5.25331
3.49308
3.77677
3.87456
3.07239
3.41905
3.83108
5.12256
5.39348
5.17549
5.3437
4.8872
5.26521
5.16954
5.17085
5.00641
5.23091
4.70547
5.33444
5.12862
4.7228
4.77894
5.04754
5.51383
3.53992
3.04186
3.05587
4.57758
4.12512
3.25667
3.19177
3.75837
3.71478
3.66701
3.68962
5.05179
4.98828
5.22986
4.27156
3.60274
3.80217
2.88094
2.59069
4.22909
5.37464
5.10414
6.82776
7.85076
6.46529
6.77439
7.18494
7.44913
7.99065
7.52767
7.11655
6.43981
7.85985
4.07368
2.52881
2.80804
2.59407
3.34732
2.94877
5.17344
3.4351
2.6817
4.03742
2.58283
4.39836
3.57633
3.118
3.0733
3.97138
2.70182
2.3004
2.53221
2.55621
3.51498
4.89566
3.83452
3.17957
2.55052
3.11266
2.97904
3.47519
3.17327
4.22012
2.96954
2.65632
4.00455
2.88655
3.52281
4.27116
3.29014
3.48201
3.48514
4.37195
3.75086
3.94767
3.69215
4.10917
3.51274
4.46304
3.55289
3.52891
4.82693
3.37133
4.47073
2.87356
4.31808
4.22133
4.75854
3.80897
4.66792
4.06175
4.07615
5.15961
4.83567
4.15518
3.56419
5.34361
2.27469
3.27805
4.3765
4.31546
2.63246
3.53358
2.76393
3.12863
4.05087
2.87679
3.45459
2.58947
3.04323
2.75164
3.14917
2.50903
2.90055
3.00108
3.42306
4.18577
3.13776
2.57333
5.11109
6.62516
6.08869
6.36556
6.48571
6.01377
6.32545
7.2287
6.9765
5.82403
4.45515
3.44115
3.71756
4.30459
3.56909
3.29817
2.57056
2.62977
3.41392
2.94679
2.58509
4.24396
2.65711
2.55886
2.92328
3.40721
3.67003
2.62752
3.32937
2.67901
3.37991
2.58951
4.0939
4.14311
4.45203
4.01795
4.73629
3.48895
3.68415
5.28541
5.21503
3.33369
3.42298
3.70332
4.18593
5.44151
3.29265
2.62462
2.56057
3.81568
2.74422
3.63279
3.69049
3.18521
3.28735
2.95867
2.70373
2.65677
3.51154
2.85007
1.81434
1.08492
2.89817
2.6813
1.99953
4.52754
3.86837
3.9698
2.63224
2.60764
2.9235
3.95382
3.02683
2.83816
1.50079
0.64914
1.80105
2.1102
4.38793
1.85617
3.51683
3.23515
2.21352
3.72258
1.10031
3.36121
1.65095
4.20846
1.81773
3.81805
4.12372
4.57285
2.40195
3.87113
3.07299
1.49352
0.85396
0.13258
1.68902
1.14442
1.38082
5.5765
5.54355
5.59903
4.34503
2.88713
3.19792
3.08546
3.22218
3.14295
3.23115
5.76937
3.22698
3.18257
3.38725
4.94593
6.18311
6.01228
3.48641
3.18212
3.40368
3.56785
3.30668
3.37168
4.81117
3.94729
3.3256
3.23302
1.89853
0.78373
7.00535
6.53298
6.88556
5.88572
3.23158
3.97995
4.08315
5.7763
5.532
5.4282
5.09497
5.44386
6.26607
4.42941
4.90832
5.80889
3.15947
3.73258
3.20679
3.82418
4.84429
4.52501
3.23686
4.06029
4.08955
3.96118
6.44342
4.23848
3.35772
3.43962
3.22664
4.3748
5.78947
5.8258
5.57787
4.84352
4.32711
4.07314
3.50664
4.75828
4.27076
4.32486
4.12973
5.83067
6.19634
5.14622
3.20657
3.96473
3.45614
3.45832
4.14389
6.10116
4.71463
5.21006
5.05383
5.81183
4.23924
0.0
0.0
0.0
0.0
0.0
0.0
0.0
0.0
0.0
0.0
0.0
0.0
0.0
0.0
0.0
0.0
0.0
0.0
0.0
0.0
0.0
0.0
0.0
0.0
0.0
0.0
0.0
0.0
0.0
0.0
0.0
0.0
0.0
0.0
0.0
0.0
0.0
0.0
0.0
0.0
0.0
0.0
0.0
0.0
0.0
0.0
0.0
0.0
0.0
0.0
0.0
0.0
0.0
0.0
0.0
0.0
0.0
0.0
0.0
0.0
0.0
0.0
0.0
0.0
0.0
0.0
0.0
0.0
0.0
0.0
0.0
0.0
0.0
0.0
0.0
0.0
0.0
0.0
0.0
0.0
0.0
0.0
0.0
0.0
0.0
0.0
0.0
0.0
0.0
0.0
0.0
0.0
0.0
0.0
0.0
0.0
0.0
0.0
0.0
0.0
0.0
0.0
0.0
0.0
0.0
0.0
0.0
0.0
0.0
0.0
0.0
0.0
0.0
0.0
0.0
0.0
0.0
0.0
0.0
0.0
0.0
0.0
0.0
0.0
0.0
0.0
0.0
0.0
0.0
0.0
0.0
0.0
