0.0,1,1,16
1.0,1,1,44
2.0,1,1,10
3.0,1,1,19
4.0,1,1,8
5.0,1,1,36
6.0,1,1,46
7.0,1,1,16
8.0,1,1,17
9.0,1,1,33
10.0,1,1,5
11.0,1,1,12
12.0,1,1,32
13.0,1,1,39
14.0,1,1,42
15.0,1,1,50
16.0,1,1,23
17.0,1,1,42
18.0,1,1,24
19.0,1,1,38
20.0,1,1,23
21.0,2,1,30
22.0,2,1,50
23.0,2,1,25
24.0,2,1,15
25.0,2,1,48
26.0,2,1,47
27.0,2,1,46
28.0,2,1,33
29.0,2,1,45
30.0,2,1,29
31.0,3,1,47
32.0,3,1,30
33.0,3,1,13
34.0,3,1,32
35.0,3,1,30
36.0,3,1,38
37.0,3,1,41
38.0,3,1,47
39.0,3,1,18
40.0,3,1,42
41.0,3,1,42
42.0,4,1,9
43.0,4,1,8
44.0,4,1,50
45.0,4,1,17
46.0,4,1,12
47.0,4,1,44
48.0,4,1,27
49.0,4,1,16
50.0,4,1,38
51.0,4,1,14
52.0,5,1,29
53.0,5,1,23
54.0,5,1,15
55.0,5,1,15
56.0,5,1,28
57.0,5,1,30
58.0,5,1,29
59.0,5,1,24
60.0,5,1,38
61.0,5,1,13
62.0,5,1,32
63.0,6,1,48
64.0,6,1,24
65.0,6,1,31
66.0,6,1,43
67.0,6,1,38
68.0,6,1,46
69.0,6,1,23
70.0,6,1,30
71.0,6,1,41
72.0,6,1,36
73.0,6,1,16
74.0,6,1,12
75.0,7,1,14
76.0,7,1,14
77.0,7,1,16
78.0,7,1,44
79.0,7,1,13
80.0,7,1,5
81.0,7,1,33
82.0,7,1,22
83.0,7,1,14
84.0,7,1,7
85.0,7,1,46
86.0,7,1,32
87.0,8,2,32
88.0,8,2,30
89.0,8,2,34
90.0,8,2,45
91.0,8,2,5
92.0,8,2,6
93.0,8,2,33
94.0,8,2,44
95.0,8,2,41
96.0,8,2,15
97.0,8,2,41
98.0,8,2,29
99.0,8,2,24
100.0,8,2,31
101.0,8,2,36
102.0,9,2,35
103.0,9,2,19
104.0,9,2,34
105.0,9,2,32
106.0,9,2,35
107.0,9,2,35
108.0,9,2,42
109.0,9,2,44
110.0,9,2,14
111.0,9,2,22
112.0,9,2,19
113.0,9,2,6
114.0,9,2,12
115.0,9,2,33
116.0,9,2,39
117.0,9,2,21
118.0,9,2,20
119.0,10,2,18
120.0,10,2,23
121.0,10,2,43
122.0,10,2,42
123.0,10,2,9
124.0,10,2,9
125.0,10,2,35
126.0,10,2,50
127.0,10,2,19
128.0,10,2,19
129.0,11,2,41
130.0,11,2,38
131.0,11,2,24
132.0,11,2,13
133.0,11,2,36
134.0,11,2,5
135.0,11,2,16
136.0,11,2,14
137.0,11,2,42
138.0,11,2,30
139.0,11,2,14
140.0,11,2,18
141.0,11,2,8
142.0,11,2,38
143.0,11,2,18
144.0,11,2,45
145.0,11,2,46
146.0,11,2,41
147.0,11,2,46
148.0,11,2,14
149.0,11,2,43
150.0,11,2,17
151.0,11,2,6
152.0,10,2,12
153.0,10,2,29
154.0,10,2,15
155.0,10,2,48
156.0,10,2,6
157.0,10,2,32
158.0,10,2,33
159.0,10,2,48
160.0,10,2,24
161.0,10,2,31
162.0,10,2,5
163.0,10,2,48
164.0,10,2,24
165.0,10,2,11
166.0,10,2,7
167.0,10,2,18
168.0,10,2,38
169.0,10,2,18
170.0,10,2,21
171.0,10,2,39
172.0,10,2,40
173.0,10,2,24
174.0,10,2,36
175.0,10,2,25
176.0,9,2,40
177.0,9,2,23
178.0,9,2,17
179.0,9,2,20
180.0,9,2,6
181.0,9,2,48
182.0,9,2,48
183.0,9,2,10
184.0,9,2,8
185.0,9,2,42
186.0,9,2,28
187.0,9,2,36
188.0,9,2,6
189.0,9,2,18
190.0,9,2,29
191.0,8,2,12
192.0,8,2,45
193.0,8,2,15
194.0,8,2,34
195.0,8,2,46
196.0,8,2,8
197.0,8,2,20
198.0,8,2,46
199.0,8,2,17
200.0,8,2,49
201.0,8,2,37
202.0,8,2,32
203.0,8,2,12
204.0,8,2,6
205.0,8,2,32
206.0,7,2,50
207.0,7,2,28
208.0,7,2,29
209.0,7,2,46
210.0,7,2,32
211.0,7,2,17
212.0,7,2,34
213.0,7,2,48
214.0,7,2,18
215.0,7,2,43
216.0,7,2,13
217.0,7,2,10
218.0,7,2,18
219.0,7,2,48
220.0,7,2,37
221.0,7,2,14
222.0,7,2,16
223.0,6,2,5
224.0,6,2,18
225.0,6,2,42
226.0,6,2,23
227.0,6,2,43
228.0,6,2,13
229.0,6,2,7
230.0,6,2,12
231.0,6,2,25
232.0,6,2,6
233.0,6,2,29
234.0,6,2,44
235.0,6,2,17
236.0,6,2,40
237.0,6,2,45
238.0,6,2,15
239.0,6,2,9
240.0,6,2,28
241.0,6,2,37
242.0,5,2,47
243.0,5,2,49
244.0,5,2,43
245.0,5,2,30
246.0,5,2,27
247.0,5,2,16
248.0,5,2,27
249.0,5,2,17
250.0,5,2,48
251.0,5,2,10
252.0,5,2,5
253.0,5,2,35
254.0,5,2,34
255.0,5,2,8
256.0,5,2,10
257.0,5,2,48
258.0,4,2,5
259.0,4,2,30
260.0,4,2,30
261.0,4,2,47
262.0,4,2,39
263.0,4,2,20
264.0,4,2,14
265.0,4,2,49
266.0,4,2,44
267.0,4,2,48
268.0,4,2,38
269.0,4,2,12
270.0,4,2,20
271.0,4,2,38
272.0,4,2,47
273.0,4,2,18
274.0,4,2,28
275.0,4,2,32
276.0,4,2,9
277.0,4,2,27
278.0,3,2,37
279.0,3,2,30
280.0,3,2,41
281.0,3,2,45
282.0,3,2,34
283.0,3,2,32
284.0,3,2,46
285.0,3,2,20
286.0,3,2,16
287.0,3,2,47
288.0,3,2,29
289.0,3,2,12
290.0,3,2,26
291.0,3,2,44
292.0,3,2,21
293.0,2,1,26
294.0,2,1,36
295.0,2,1,45
296.0,2,1,36
297.0,2,1,38
298.0,2,1,6
299.0,2,1,22
300.0,2,1,33
301.0,2,1,8
302.0,2,1,14
303.0,2,1,36
304.0,2,1,49
305.0,2,1,25
306.0,2,1,37
307.0,2,1,24
308.0,2,1,25
309.0,2,1,40
310.0,2,1,30
311.0,1,1,12
312.0,1,1,22
313.0,1,1,45
314.0,1,1,29
315.0,1,1,21
316.0,1,1,44
317.0,1,1,34
318.0,1,1,13
319.0,1,1,26
320.0,1,1,10
321.0,1,1,24
322.0,1,1,38
323.0,0,1,27
324.0,0,1,26
325.0,0,1,25
326.0,0,1,7
327.0,0,1,18
328.0,0,1,15
329.0,0,1,44
330.0,0,1,49
331.0,0,1,9
332.0,0,1,33
333.0,0,1,14
334.0,0,1,39
335.0,0,1,38
336.0,0,1,24
337.0,0,1,12
338.0,0,1,27
339.0,0,1,7
340.0,0,1,36
341.0,0,1,31
342.0,0,1,28
343.0,0,1,18
344.0,0,1,24
345.0,0,1,45
346.0,0,1,15
347.0,0,1,34
348.0,0,1,30
349.0,0,1,48
350.0,0,1,18
351.0,0,1,44
352.0,0,1,50
353.0,0,1,46
354.0,0,1,28
355.0,0,1,29
356.0,0,1,37
357.0,0,1,50
358.0,0,1,30
359.0,0,1,31
360.0,0,1,6
361.0,0,1,27
362.0,0,1,39
363.0,0,1,8
364.0,0,1,29
365.0,0,1,32
366.0,0,1,50
367.0,0,1,19
368.0,0,1,24
369.0,0,1,32
370.0,0,1,25
371.0,0,1,34
372.0,0,1,30
373.0,0,1,45
374.0,0,1,31
375.0,0,1,46
376.0,0,1,28
377.0,0,1,12
378.0,0,1,9
379.0,0,1,49
380.0,0,1,46
381.0,0,1,26
382.0,0,1,29
383.0,0,0,24
384.0,0,0,24
385.0,0,0,17
386.0,0,0,31
387.0,0,0,11
388.0,0,0,42
389.0,0,0,19
390.0,0,0,22
391.0,0,0,28
392.0,0,0,16
393.0,0,0,34
394.0,0,0,14
395.0,0,0,44
396.0,0,0,41
397.0,0,0,41
398.0,0,0,8
399.0,0,0,34
