3.28768
3.33914
3.55653
4.37963
5.05642
3.76251
3.3832
2.91991
3.26253
4.08303
3.22318
3.17459
3.09762
4.27666
3.35686
6.31702
5.51662
3.38598
3.80246
4.3599
4.79144
3.27933
3.29918
3.29634
2.98112
3.06945
3.30408
3.50948
1.93643
1.1222
5.72835
2.07935
2.97016
4.93418
6.13754
4.32529
5.2282
5.70276
5.26828
5.22358
5.98595
6.33635
5.81217
5.4685
5.4071
6.24152
5.14691
6.26305
6.06515
6.1629
4.13521
3.61489
3.34349
3.61746
3.82902
3.0372
3.26019
3.31778
3.29801
4.18993
3.48532
3.32795
3.65373
3.09313
3.16271
3.32871
3.27264
3.26877
3.18112
5.47845
5.99219
5.94372
5.44787
2.13916
0.0
0.0
0.0
0.0
0.0
0.0
0.0
0.0
0.0
0.0
0.0
0.0
0.0
0.0
0.0
0.0
0.0
0.0
0.0
0.0
0.0
0.0
0.16377
0.26607
0.0
0.42378
0.0
0.91101
0.0
0.0
0.0
0.0
0.48082
0.0
0.0
0.0
0.0
0.97843
0.0
0.0
0.0
0.0
0.0
0.0
0.39851
0.46672
0.0
0.0
0.0
1.31088
0.46596
0.0
0.0
0.0
0.0
0.0
0.0
0.44679
0.0
0.0
0.0
0.0
0.0
0.50002
0.0
0.0
0.0
0.0
0.84606
0.0
0.74044
0.70854
0.0
0.39124
0.0
0.38686
0.0
0.0
0.0
0.0
0.95815
0.0
0.0
0.46628
0.0
0.0
0.0
0.0
0.47212
15.52033
28.31348
42.76719
46.01369
0.0
64.21088
68.74205
77.50492
80.01161
71.85628
73.88968
82.09318
83.16746
86.49657
54.99827
0.0
20.47068
73.67743
91.21647
0.0
83.03968
84.59689
83.02015
83.85478
85.22
84.98916
84.85839
0.0
82.95826
84.35513
85.3258
84.36698
86.70698
84.91186
84.5185
85.01873
84.82299
85.17822
83.61921
84.72436
86.70431
84.92028
86.96381
84.93731
84.40538
78.43234
83.1691
86.6284
87.59596
82.41057
87.40715
82.19788
84.87576
84.21318
83.63775
87.15853
86.75272
85.75274
84.40735
82.87244
85.51253
81.7016
82.03033
87.93155
83.87484
86.99045
85.57225
85.35957
0.0
84.19383
85.71173
85.3228
83.77757
83.67437
84.31307
87.69
83.73675
86.30055
83.99766
86.97607
80.76985
87.19678
83.65531
86.26701
84.90325
85.17899
83.97089
0.0
77.78398
19.7102
49.09941
36.67696
36.85925
50.67006
91.27251
95.55581
98.77997
91.68318
88.54215
85.94725
75.38632
90.28117
86.76287
87.27526
89.92202
92.06111
86.95079
85.28986
88.4804
89.64038
84.3383
86.29217
85.93253
82.06944
85.80654
84.74387
86.59626
84.81278
85.33967
86.2172
85.95172
86.18009
86.02494
87.1873
85.58389
84.93329
82.83283
84.52691
86.95579
84.17444
85.67846
58.78161
89.35631
81.31377
89.08415
85.36144
86.21252
89.1337
93.03157
88.0332
84.9337
85.7105
85.94773
84.57151
85.26984
85.22043
84.23659
84.79036
87.29394
83.4262
87.79211
85.73642
85.73642
88.27712
86.30089
86.49294
86.44263
86.20566
86.2264
86.73816
85.24701
83.94704
83.46403
85.87128
86.86768
86.20551
86.40852
84.80556
84.8272
82.93531
86.24365
86.89635
82.96795
88.44646
88.17572
85.22252
86.6884
83.8213
82.27516
89.86505
86.54328
85.44798
84.62457
83.78494
0.0
87.94016
101.13775
93.62689
91.9091
88.99008
88.74061
101.02721
86.38432
86.98463
86.92995
93.14313
88.27696
85.32055
84.27465
85.58319
83.13864
87.55984
88.97224
99.86282
95.22298
87.75244
85.64304
87.47482
87.59988
87.25352
76.01364
91.91084
84.96775
84.44275
85.12102
85.16195
3.558
0.0
71.88187
68.10537
98.13953
81.96909
96.53132
85.44333
92.28035
85.63497
85.56437
85.11931
85.94742
84.50439
84.28519
0.0
84.23201
86.36353
85.34197
84.36034
84.87625
0.0
86.52456
87.02447
85.1524
80.12851
87.05237
79.83178
87.02397
84.67079
85.32922
0.0
86.54142
86.36691
87.78478
0.0
86.97946
84.50684
84.22088
87.30946
85.68932
84.69228
81.80432
86.35227
87.67288
86.70847
86.60483
86.69913
84.04761
85.605
87.04927
86.53468
84.48115
85.4317
86.86774
84.34564
81.82617
83.96297
84.05472
87.63006
86.55127
88.79827
88.02089
88.47158
85.51135
87.10739
85.3569
84.19182
85.90131
87.39581
88.07113
86.02385
84.95781
90.37447
88.21823
87.87542
87.07926
87.79103
0.0
86.03225
83.71562
84.08903
83.76805
85.0732
88.97154
85.38572
89.56551
84.76181
85.42677
85.43876
86.67887
28.94218
22.11841
50.12321
39.67417
64.1286
67.93501
96.60958
90.34756
95.54983
101.10347
86.22763
75.66642
70.6308
75.30173
101.12935
101.0991
83.3749
83.41721
0.0
84.60383
82.60319
86.11411
84.50475
84.21529
77.79346
85.54935
82.0163
85.69181
84.75081
82.2501
0.0
85.58106
88.36817
85.10893
84.02663
85.97178
84.37343
84.05455
88.07059
86.99815
86.3453
87.57438
85.57364
84.52657
84.42276
83.81506
83.4435
86.33763
86.90269
86.01549
86.89025
85.16794
86.15966
87.61265
84.00895
85.11826
86.0602
84.4268
85.01811
86.23181
84.76164
85.50656
85.99638
86.94706
87.08154
85.04907
88.03837
83.81752
86.13791
84.31852
71.97963
91.56456
82.26192
83.75936
87.57238
85.50271
89.46741
85.56645
88.36508
86.19589
85.88895
85.6107
92.04326
88.04753
86.15878
88.71887
89.64177
86.09216
83.90108
83.5575
85.83512
86.99089
89.4079
87.2636
89.49704
83.97684
84.70706
84.99998
85.31431
101.11764
101.10971
0.0
89.21317
100.92239
97.10733
91.49745
75.97192
73.49637
85.2613
72.88835
101.01143
97.17348
31.47376
99.08705
79.32222
75.90584
84.67637
86.16156
87.88383
93.32565
63.55907
0.0
7.95331
77.3609
76.0974
84.12256
86.00776
84.54617
86.02793
85.32773
85.14893
83.21488
87.01495
84.05281
83.99679
84.83219
83.86052
84.67386
85.66593
85.99206
85.13287
87.33549
85.47266
85.41268
85.97605
85.62667
86.28141
82.89326
84.56786
0.0
86.38111
0.0
85.06793
84.48749
87.82008
86.45335
72.38822
86.90311
83.95389
88.92728
85.42757
85.2821
82.92721
87.24978
90.27518
86.25142
83.98829
87.88872
86.72897
88.39479
87.3205
87.49256
83.56575
83.44047
88.17515
86.94739
85.43794
83.88986
74.53374
82.56496
87.36711
87.01679
87.03794
85.95132
87.90636
88.60649
94.21189
83.4869
88.31378
91.34217
87.32196
82.93882
89.57355
87.14518
91.23509
88.98759
67.98663
91.91997
76.78679
76.61164
86.41354
88.46325
87.45245
85.85641
90.76318
82.83942
79.25126
89.45278
84.12786
87.36372
87.82961
86.66692
91.16821
89.01575
83.30729
85.59749
85.58601
84.78514
79.82869
84.99668
85.41638
84.3815
85.18596
88.68946
88.8823
88.40599
86.0721
84.65056
87.38509
86.33502
83.35101
90.07235
87.88731
86.62477
81.45732
72.3477
80.86067
90.37106
82.29026
84.00295
85.48957
71.21509
70.66294
101.15902
88.72081
82.65746
85.55713
77.36543
87.53465
96.26371
87.76666
75.5024
86.69239
84.23197
101.08344
88.82381
91.29276
88.72731
89.43629
93.2009
90.83294
