10.34763
20.39275
0.32744
0.64513
10.621878
10.636929
10.579337
32.709312
21.063299
20.44023
21.048816
2.375894
0.468796
0.418602
10.945073
0.468745
0.413838
0.42466
20.788939
11.364576
10.586561
10.624888
11.029062
0.97399
10.41796
21.279531
32.016979
20.836898
0.419525
0.998653
10.698082
10.761381
35.730111
20.40538
21.142758
20.40762
31.284433
21.017505
1.345175
42.013052
20.810337
10.718918
30.96851
0.414392
30.695859
21.340424
21.183865
3.7841
1.189041
10.677309
31.997505
10.627898
10.64949
21.075072
10.544192
20.639909
11.38293
11.749734
10.720172
10.546071
21.284833
10.584561
0.583571
20.598121
21.050072
10.625122
0.454327
10.851667
10.480485
0.38001
10.662653
20.855847
0.387667
10.600602
0.436959
41.671619
10.816417
20.858071
20.752131
20.956582
0.447378
10.947453
20.621253
10.648776
20.618505
0.42999
0.446337
20.590354
20.89149
0.43996
10.563162
0.42666
