5.25487
5.15126
3.76038
3.89467
4.80431
4.38012
3.53391
5.26285
4.91296
2.75137
8.97812
5.08459
6.43501
5.93801
0.76157
0.43121
1.0785
1.20197
0.76861
6.10295
4.8331
5.10966
4.81599
4.66558
4.25235
2.55687
3.02428
2.92293
4.79878
4.84856
5.00061
4.03139
5.1335
5.2039
3.36579
5.34216
4.91461
3.11966
4.70122
4.78735
4.99443
5.17545
3.46192
4.43514
5.01741
5.13204
4.64281
4.04671
4.68584
5.01758
4.03707
3.13313
4.93433
5.52646
5.61553
5.29078
5.41311
4.99604
6.14367
6.36072
7.04311
6.75975
7.97424
6.67529
6.7078
26.59244
9.77794
7.3363
7.37028
5.45638
5.19092
6.46736
2.68704
12.80384
5.23964
4.38536
24.4373
26.79508
4.09357
2.5942
3.47327
4.6954
4.36169
5.04227
5.06142
5.36408
3.99223
2.60325
2.44817
3.14202
2.93969
2.62742
2.74199
3.27376
5.39765
5.18417
4.10924
2.66825
3.38931
3.96765
22.95535
3.55026
50.91017
64.51023
4.33184
35.53451
101.35884
25.10565
2.63904
11.48692
4.83927
5.4592
4.19724
3.36908
2.22529
2.76911
3.5704
3.60855
2.74057
3.33652
2.62701
3.20642
3.8373
3.31238
5.18633
3.73549
3.02348
3.79319
5.33789
5.27311
3.16855
4.91607
5.34814
4.27696
5.16785
4.66422
5.48536
5.57782
5.34599
5.29493
4.63614
5.04828
5.19981
2.58891
0.76278
4.67151
2.78084
3.2257
4.17606
2.59527
3.19143
2.87634
2.14738
3.48383
2.49885
2.81854
4.65341
4.54768
3.20109
2.01988
3.75124
1.94421
2.99746
7.74417
6.71341
5.81585
7.03192
6.56005
6.83414
6.21757
6.82996
7.16678
5.35822
4.43479
3.57634
5.64935
2.55692
2.49638
5.03991
5.0598
4.8171
3.97527
3.11272
3.56955
4.65979
4.1088
3.06137
3.76305
2.75652
3.75375
4.49614
3.24328
2.63819
2.57253
4.70595
5.44345
4.76409
5.34562
4.97967
5.26813
4.81102
5.35782
5.31808
4.06068
4.97767
3.4662
2.56031
2.61582
3.69096
5.23833
4.80012
2.63785
3.4782
5.02975
5.60516
2.56368
3.84661
3.41761
6.21625
5.75645
5.15504
3.60973
5.01879
3.26502
3.21873
2.65328
3.20768
3.28329
2.49393
3.23526
2.93179
4.65619
3.46341
2.54958
5.09621
3.61543
2.45744
2.77292
3.27564
3.45865
2.81482
2.59265
3.06156
3.45682
3.10217
3.342
4.70774
2.87303
2.70786
3.8012
3.21232
3.2888
2.36324
2.7453
5.29154
6.71898
5.73973
5.92366
5.55519
7.29804
6.05848
6.40168
5.82207
3.1213
2.45297
4.30688
3.57262
3.28237
4.32495
2.78672
4.43948
3.38036
2.34844
4.55744
4.7575
3.19527
2.57217
2.53319
2.88586
3.17724
2.79597
2.61327
1.41858
3.62566
3.44348
5.20675
6.25174
6.21051
6.29533
3.58302
3.17529
4.32872
5.14842
6.27276
6.28856
6.23471
6.14171
6.36461
5.00115
5.02378
3.19593
6.18461
6.36846
6.24575
5.07379
6.39053
4.99206
5.60799
6.41318
3.18665
5.01485
4.39145
5.94965
5.37972
6.14638
6.27103
6.2694
6.09422
5.95622
5.21549
6.1068
5.99379
5.42339
6.02003
5.54159
4.69617
4.32675
3.15586
4.26326
4.0297
6.3082
4.41378
3.30988
2.84342
6.23199
5.54443
3.45452
5.92587
5.85039
5.86826
5.98342
6.01995
6.15578
6.09202
4.58218
5.41433
4.88044
6.01872
5.46744
6.12458
6.17008
5.93932
5.99629
5.83948
5.5083
6.11574
5.52805
5.71839
5.15841
3.98815
5.91378
6.0109
6.01461
6.22846
5.9665
5.6016
6.1059
5.51067
6.24382
5.48997
4.0823
13.65934
7.46597
6.72339
4.69041
4.98081
3.45285
3.48375
3.6241
4.19282
2.3649
0.43601
0.08993
1.67537
1.85853
2.28345
2.7739
2.95652
3.58955
6.38755
5.60347
6.36862
6.10799
7.06088
6.39775
6.68734
7.74297
5.42273
5.38236
5.62425
3.61515
2.9436
7.31131
4.69628
3.34852
2.61838
4.08215
4.33973
3.56025
4.91528
3.89384
3.11539
3.69254
2.82157
3.82663
5.18409
4.20199
1.11968
0.84875
4.37535
1.81057
3.83103
1.77951
1.85633
3.95446
4.52308
4.77314
3.13665
3.59914
2.83464
3.19438
3.69141
4.50562
3.86011
3.93567
3.55003
4.87311
4.55306
2.48695
3.86995
4.99153
4.17048
4.36412
4.97496
5.06839
5.22474
4.94023
4.40809
3.62386
4.85572
4.83868
4.70774
4.61826
5.07948
5.16498
4.07832
5.19666
4.00365
1.88118
4.19818
3.00732
2.42738
3.38667
5.26282
4.20126
3.82243
5.20808
4.84895
5.12543
4.39057
4.51883
5.05566
5.11212
3.95026
4.19615
6.97395
7.27288
6.38345
7.09113
6.94657
6.40342
7.24436
7.46422
7.32614
6.00991
4.25331
3.2726
4.61398
4.45546
3.90039
3.4778
18.90692
7.50767
5.12341
27.60559
4.16184
3.41161
3.74289
5.16144
5.2494
4.11105
2.45938
9.95975
6.11517
2.76297
3.49517
3.06065
2.91117
3.18351
2.72043
2.76847
2.82255
2.59312
2.81493
4.61983
4.83719
3.8193
4.61024
4.67915
5.09547
4.44918
3.78786
4.54703
3.09948
5.49864
5.15698
3.72348
3.81941
4.17866
4.43724
2.83779
2.41268
2.52627
2.45571
2.46683
2.73655
3.77983
5.00538
5.16197
4.29924
4.87443
5.16726
5.30827
5.04759
5.55806
4.5383
3.75395
4.54666
5.27544
5.41508
5.28867
5.14586
4.86755
4.93309
4.78088
5.16749
2.56565
3.02055
5.09187
4.27647
4.5245
4.4116
4.16119
3.67096
5.27312
5.42877
4.93416
6.1794
6.71318
5.8894
6.39313
6.57035
5.59748
6.15726
5.80165
5.71836
6.12959
7.23204
3.21056
3.21077
3.05692
2.63703
4.81339
3.00672
3.66855
7.3549
2.49812
2.53952
3.4553
5.29847
4.64515
2.88783
2.86175
4.50784
5.20701
5.25086
5.6012
4.27339
4.74346
4.98991
3.29777
4.10836
