20.33741
30.32291
0.41904
17.16975
21.03174
31.17862
0.41991
10.94616
20.755459
24.452484
101.293037
19.271636
14.327594
32.575745
30.692101
42.056417
0.424439
20.775327
20.47367
0.441202
10.742969
31.694773
10.523414
10.624929
10.852309
10.842763
10.666838
10.34457
10.652268
0.384684
10.638357
10.6295
1.171247
21.19588
34.204299
10.4076
0.558418
20.37701
0.365541
20.999856
21.028247
10.581429
0.443198
21.290969
0.402051
0.759095
10.821747
20.562556
10.666837
21.019742
10.662381
0.662546
10.753289
31.019163
0.358465
22.330235
0.750306
21.490053
10.583808
31.025255
0.440333
31.593235
10.539758
0.398646
0.433582
10.714763
20.523465
11.04948
10.614214
32.085667
10.816521
10.593827
