0.0,0.0,1,1,23
1.0,0.0,1,1,8
2.0,0.0,1,1,48
3.0,0.0,1,1,11
4.0,0.0,1,1,44
5.0,0.0,1,1,27
6.0,0.0,1,1,12
7.0,0.0,1,1,12
8.0,0.0,1,1,50
9.0,0.0,1,1,29
10.0,267.788400246,1,1,15
11.0,535.170701147,1,1,18
12.0,802.718894519,1,1,15
13.0,802.718894519,1,1,29
14.0,802.718894519,1,1,15
15.0,802.718894519,1,1,30
16.0,802.718894519,1,1,40
17.0,802.718894519,1,1,24
18.0,802.718894519,1,1,28
19.0,802.718894519,1,1,22
20.0,1071.07686572,1,1,19
21.0,1338.1396727,1,1,24
22.0,1605.70788219,1,1,5
23.0,1605.70788219,1,1,22
24.0,1605.70788219,1,1,9
25.0,1605.70788219,1,1,6
26.0,1605.70788219,1,1,50
27.0,1605.70788219,1,1,18
28.0,1605.70788219,1,1,18
29.0,1605.70788219,1,1,41
30.0,1872.49301189,1,1,43
31.0,2140.91462317,2,1,47
32.0,2409.16264258,2,1,14
33.0,2409.16264258,2,1,10
34.0,2409.16264258,2,1,5
35.0,2409.16264258,2,1,8
36.0,2409.16264258,2,1,6
37.0,2409.16264258,2,1,25
38.0,2409.16264258,2,1,42
39.0,2409.16264258,2,1,7
40.0,2676.38381791,2,1,25
41.0,2944.90237798,2,1,6
42.0,3211.60416943,3,1,37
43.0,3211.60416943,3,1,18
44.0,3211.60416943,3,1,20
45.0,3211.60416943,3,1,27
46.0,3211.60416943,3,1,35
47.0,3211.60416943,3,1,39
48.0,3211.60416943,3,1,46
49.0,3211.60416943,3,1,42
50.0,3479.27214079,3,1,21
51.0,3747.68472085,3,1,42
52.0,4014.61644893,4,1,38
53.0,4014.61644893,4,1,44
54.0,4014.61644893,4,1,11
55.0,4014.61644893,4,1,21
56.0,4014.61644893,4,1,14
57.0,4014.61644893,4,1,12
58.0,4014.61644893,4,1,12
59.0,4014.61644893,4,1,27
60.0,4283.08470363,4,1,37
61.0,4550.29994644,4,1,6
62.0,4818.62723288,4,1,5
63.0,4818.62723288,5,1,20
64.0,4818.62723288,5,1,12
65.0,4818.62723288,5,1,11
66.0,4818.62723288,5,1,17
67.0,4818.62723288,5,1,8
68.0,4818.62723288,5,1,39
69.0,4818.62723288,5,1,40
70.0,5086.98783377,5,1,39
71.0,5355.49629249,5,1,45
72.0,5622.28489995,5,1,19
73.0,5622.28489995,5,1,25
74.0,5622.28489995,5,1,22
75.0,5622.28489995,6,1,46
76.0,5622.28489995,6,1,36
77.0,5622.28489995,6,1,22
78.0,5622.28489995,6,1,37
79.0,5622.28489995,6,1,29
80.0,5890.53016329,6,1,17
81.0,6157.32191056,6,1,11
82.0,6424.74188979,6,1,32
83.0,6424.74188979,6,1,26
84.0,6424.74188979,6,1,40
85.0,6424.74188979,6,1,7
86.0,6424.74188979,6,1,21
87.0,6424.74188979,7,2,38
88.0,6424.74188979,7,2,44
89.0,6424.74188979,7,2,23
90.0,6693.40708208,7,2,30
91.0,6961.68408328,7,2,6
92.0,7228.72263581,7,2,21
93.0,7228.72263581,7,2,16
94.0,7228.72263581,7,2,5
95.0,7228.72263581,7,2,26
96.0,7228.72263581,7,2,19
97.0,7228.72263581,7,2,42
98.0,7228.72263581,7,2,22
99.0,7228.72263581,7,2,42
100.0,7495.66448746,7,2,24
101.0,7763.74275019,7,2,11
102.0,8031.2997837,8,2,13
103.0,8031.2997837,8,2,26
104.0,8031.2997837,8,2,5
105.0,8031.2997837,8,2,11
106.0,8031.2997837,8,2,20
107.0,8031.2997837,8,2,21
108.0,8031.2997837,8,2,18
109.0,8031.2997837,8,2,10
110.0,8298.14716262,8,2,18
111.0,8565.47325395,8,2,41
112.0,8834.01019818,8,2,27
113.0,8834.01019818,8,2,19
114.0,8834.01019818,8,2,27
115.0,8834.01019818,8,2,30
116.0,8834.01019818,8,2,16
117.0,8834.01019818,8,2,29
118.0,8834.01019818,8,2,15
119.0,8834.01019818,9,2,22
120.0,9101.21103802,9,2,47
121.0,9369.41265231,9,2,15
122.0,9637.72109285,9,2,9
123.0,9637.72109285,9,2,10
124.0,9637.72109285,9,2,5
125.0,9637.72109285,9,2,49
126.0,9637.72109285,9,2,34
127.0,9637.72109285,9,2,37
128.0,9637.72109285,9,2,19
129.0,9637.72109285,10,2,15
130.0,9904.67681602,10,2,48
131.0,10172.5653349,10,2,41
132.0,10441.1904332,10,2,15
133.0,10441.1904332,10,2,36
134.0,10441.1904332,10,2,24
135.0,10441.1904332,10,2,9
136.0,10441.1904332,10,2,46
137.0,10441.1904332,10,2,9
138.0,10441.1904332,10,2,35
139.0,10441.1904332,10,2,39
140.0,10709.7992302,10,2,43
141.0,10977.3620834,10,2,20
142.0,11244.099173,10,2,45
143.0,11244.099173,10,2,19
144.0,11244.099173,10,2,27
145.0,11244.099173,10,2,24
146.0,11244.099173,10,2,27
147.0,11244.099173,10,2,48
148.0,11244.099173,10,2,29
149.0,11244.099173,10,2,35
150.0,10977.4325063,10,2,42
151.0,10710.7658396,10,2,42
152.0,10444.099173,9,2,25
153.0,10444.099173,9,2,36
154.0,10444.099173,9,2,50
155.0,10444.099173,9,2,45
156.0,10444.099173,9,2,46
157.0,10444.099173,9,2,10
158.0,10444.099173,9,2,20
159.0,10444.099173,9,2,9
160.0,10177.4325063,9,2,20
161.0,9910.76583964,9,2,50
162.0,9644.09917297,9,2,45
163.0,9644.09917297,9,2,13
164.0,9644.09917297,9,2,30
165.0,9644.09917297,9,2,27
166.0,9644.09917297,9,2,36
167.0,9644.09917297,9,2,17
168.0,9644.09917297,9,2,46
169.0,9644.09917297,9,2,5
170.0,9377.4325063,9,2,8
171.0,9110.76583964,9,2,48
172.0,8844.09917297,9,2,44
173.0,8844.09917297,9,2,28
174.0,8844.09917297,9,2,31
175.0,8844.09917297,9,2,18
176.0,8844.09917297,8,2,18
177.0,8844.09917297,8,2,23
178.0,8844.09917297,8,2,20
179.0,8844.09917297,8,2,21
180.0,8577.4325063,8,2,22
181.0,8310.76583964,8,2,49
182.0,8044.09917297,8,2,15
183.0,8044.09917297,8,2,33
184.0,8044.09917297,8,2,9
185.0,8044.09917297,8,2,32
186.0,8044.09917297,8,2,11
187.0,8044.09917297,8,2,25
188.0,8044.09917297,8,2,43
189.0,8044.09917297,8,2,20
190.0,7777.4325063,8,2,20
191.0,7510.76583964,7,2,35
192.0,7244.09917297,7,2,38
193.0,7244.09917297,7,2,46
194.0,7244.09917297,7,2,33
195.0,7244.09917297,7,2,43
196.0,7244.09917297,7,2,17
197.0,7244.09917297,7,2,30
198.0,7244.09917297,7,2,10
199.0,7244.09917297,7,2,42
200.0,6977.4325063,7,2,21
201.0,6710.76583964,7,2,20
202.0,6444.09917297,7,2,36
203.0,6444.09917297,7,2,28
204.0,6444.09917297,7,2,19
205.0,6444.09917297,7,2,19
206.0,6444.09917297,6,2,33
207.0,6444.09917297,6,2,27
208.0,6444.09917297,6,2,40
209.0,6444.09917297,6,2,41
210.0,6177.4325063,6,2,50
211.0,5910.76583964,6,2,11
212.0,5644.09917297,6,2,37
213.0,5644.09917297,6,2,46
214.0,5644.09917297,6,2,48
215.0,5644.09917297,6,2,32
216.0,5644.09917297,6,2,15
217.0,5644.09917297,6,2,38
218.0,5644.09917297,6,2,17
219.0,5644.09917297,6,2,48
220.0,5377.4325063,6,2,8
221.0,5110.76583964,6,2,46
222.0,4844.09917297,6,2,28
223.0,4844.09917297,5,2,39
224.0,4844.09917297,5,2,24
225.0,4844.09917297,5,2,21
226.0,4844.09917297,5,2,29
227.0,4844.09917297,5,2,30
228.0,4844.09917297,5,2,32
229.0,4844.09917297,5,2,7
230.0,4577.4325063,5,2,44
231.0,4310.76583964,5,2,19
232.0,4044.09917297,5,2,13
233.0,4044.09917297,5,2,21
234.0,4044.09917297,5,2,10
235.0,4044.09917297,5,2,9
236.0,4044.09917297,5,2,10
237.0,4044.09917297,5,2,27
238.0,4044.09917297,5,2,39
239.0,4044.09917297,5,2,27
240.0,3777.4325063,5,2,33
241.0,3510.76583964,5,2,34
242.0,3244.09917297,4,2,25
243.0,3244.09917297,4,2,40
244.0,3244.09917297,4,2,5
245.0,3244.09917297,4,2,11
246.0,3244.09917297,4,2,39
247.0,3244.09917297,4,2,34
248.0,3244.09917297,4,2,40
249.0,3244.09917297,4,2,21
250.0,2977.4325063,4,2,35
251.0,2710.76583964,4,2,8
252.0,2444.09917297,4,2,33
253.0,2444.09917297,4,2,36
254.0,2444.09917297,4,2,6
255.0,2444.09917297,4,2,12
256.0,2444.09917297,4,2,36
257.0,2444.09917297,4,2,26
258.0,2444.09917297,3,2,31
259.0,2444.09917297,3,2,15
260.0,2177.4325063,3,2,23
261.0,1910.76583964,3,2,22
262.0,1644.09917297,3,2,44
263.0,1644.09917297,3,2,31
264.0,1644.09917297,3,2,19
265.0,1644.09917297,3,2,32
266.0,1644.09917297,3,2,16
267.0,1644.09917297,3,2,39
268.0,1644.09917297,3,2,42
269.0,1644.09917297,3,2,24
270.0,1377.4325063,3,2,30
271.0,1110.76583964,3,2,40
272.0,844.099172971,3,2,16
273.0,844.099172971,3,2,48
274.0,844.099172971,3,2,23
275.0,844.099172971,3,2,31
276.0,844.099172971,3,2,18
277.0,844.099172971,3,2,42
278.0,844.099172971,2,2,46
279.0,844.099172971,2,2,38
280.0,577.432506305,2,2,47
281.0,310.765839638,2,2,34
282.0,44.0991729712,2,2,35
283.0,44.0991729712,2,2,17
284.0,44.0991729712,2,2,8
285.0,44.0991729712,2,2,9
286.0,44.0991729712,2,2,46
287.0,44.0991729712,2,2,15
288.0,44.0991729712,2,2,48
289.0,44.0991729712,2,2,49
290.0,0.0,2,2,49
291.0,0.0,2,2,45
292.0,0.0,2,2,24
293.0,0.0,1,1,39
294.0,0.0,1,1,44
295.0,0.0,1,1,9
296.0,0.0,1,1,22
297.0,0.0,1,1,20
298.0,0.0,1,1,37
299.0,0.0,1,1,37
300.0,0.0,1,1,43
301.0,0.0,1,1,34
302.0,0.0,1,1,5
303.0,0.0,1,1,38
304.0,0.0,1,1,39
305.0,0.0,1,1,49
306.0,0.0,1,1,31
307.0,0.0,1,1,12
308.0,0.0,1,1,15
309.0,0.0,1,1,37
310.0,0.0,1,1,29
311.0,0.0,0,1,28
312.0,0.0,0,1,14
313.0,0.0,0,1,5
314.0,0.0,0,1,32
315.0,0.0,0,1,20
316.0,0.0,0,1,22
317.0,0.0,0,1,33
318.0,0.0,0,1,42
319.0,0.0,0,1,24
320.0,0.0,0,1,36
321.0,0.0,0,1,15
322.0,0.0,0,1,6
323.0,0.0,0,1,48
324.0,0.0,0,1,23
325.0,0.0,0,1,33
326.0,0.0,0,1,14
327.0,0.0,0,1,45
328.0,0.0,0,1,34
329.0,0.0,0,1,30
330.0,0.0,0,1,6
331.0,0.0,0,1,6
332.0,0.0,0,1,30
333.0,0.0,0,1,43
334.0,0.0,0,1,50
335.0,0.0,0,1,35
336.0,0.0,0,1,11
337.0,0.0,0,1,49
338.0,0.0,0,1,41
339.0,0.0,0,1,37
340.0,0.0,0,1,27
341.0,0.0,0,1,7
342.0,0.0,0,1,35
343.0,0.0,0,1,19
344.0,0.0,0,1,19
345.0,0.0,0,1,9
346.0,0.0,0,1,47
347.0,0.0,0,1,36
348.0,0.0,0,1,12
349.0,0.0,0,1,41
350.0,0.0,0,1,39
351.0,0.0,0,1,32
352.0,0.0,0,1,7
353.0,0.0,0,1,23
354.0,0.0,0,1,7
355.0,0.0,0,1,15
356.0,0.0,0,1,18
357.0,0.0,0,1,7
358.0,0.0,0,1,13
359.0,0.0,0,1,30
360.0,0.0,0,1,28
361.0,0.0,0,1,25
362.0,0.0,0,1,48
363.0,0.0,0,1,38
364.0,0.0,0,1,25
365.0,0.0,0,1,37
366.0,0.0,0,1,16
367.0,0.0,0,1,20
368.0,0.0,0,1,23
369.0,0.0,0,1,23
370.0,0.0,0,1,11
371.0,0.0,0,1,38
372.0,0.0,0,1,19
373.0,0.0,0,1,44
374.0,0.0,0,1,32
375.0,0.0,0,1,33
376.0,0.0,0,1,31
377.0,0.0,0,1,7
378.0,0.0,0,1,26
379.0,0.0,0,1,36
380.0,0.0,0,1,39
381.0,0.0,0,1,29
382.0,0.0,0,1,11
383.0,0.0,0,0,45
384.0,0.0,0,0,40
385.0,0.0,0,0,20
386.0,0.0,0,0,15
387.0,0.0,0,0,33
388.0,0.0,0,0,39
389.0,0.0,0,0,19
390.0,0.0,0,0,19
391.0,0.0,0,0,39
392.0,0.0,0,0,42
393.0,0.0,0,0,33
394.0,0.0,0,0,5
395.0,0.0,0,0,47
396.0,0.0,0,0,50
397.0,0.0,0,0,40
398.0,0.0,0,0,32
399.0,0.0,0,0,7
