1.63558
2.07638
2.10327
2.4123
2.08095
2.47353
2.37625
2.64095
0.10457
2.20195
2.27992
2.2875
2.12881
0.74045
3.31776
2.3086
0.0
0.0
0.86086
0.51695
0.60748
2.67151
2.31677
2.36234
2.21502
2.49214
1.93196
0.22857
2.28761
2.26998
2.10018
2.29713
2.51421
2.49287
2.45679
2.20319
0.02047
2.18103
2.52255
2.70241
2.26384
2.59405
2.32166
2.1326
2.35021
2.16668
1.59842
0.66953
2.04871
2.53016
2.31915
2.07735
2.06873
2.3584
2.27573
2.41696
0.49181
1.7165
2.45468
2.45108
2.42748
2.15774
2.37397
2.49982
2.39307
1.80691
0.61851
1.96228
1.88706
2.45901
2.27304
2.40454
2.32175
2.36776
2.22832
1.65392
0.50774
2.33251
2.01235
1.99354
2.42814
2.10351
2.37704
2.33107
2.5526
2.15686
0.0
2.07401
2.39546
2.51759
2.23254
2.09508
2.0847
2.33998
2.28926
0.50649
1.39173
2.44332
2.19789
2.01263
2.42011
2.22017
2.26855
2.23198
2.48147
2.26529
0.20718
2.45893
2.99012
2.70541
2.51439
2.18185
2.25464
2.45279
2.25993
3.70543
0.24286
1.91568
2.64312
2.69522
2.28124
2.26876
2.6889
2.43186
2.19258
2.29608
2.3813
1.49872
0.94144
2.20745
2.01962
2.35631
2.09746
2.30591
2.03408
2.72819
2.56452
2.48742
1.96854
0.56862
2.05043
2.52131
1.95437
1.92482
2.06349
2.50102
2.52769
2.53597
2.54321
0.9216
1.61947
2.3181
2.43502
2.65786
2.71398
2.43541
2.43182
2.4717
2.42966
2.01606
0.40838
2.79124
2.0814
2.30602
2.339
2.5475
2.78579
2.58089
2.32801
0.04464
2.70129
2.4796
2.31325
2.13891
2.18619
1.44926
1.90186
0.23422
3.44373
2.43748
2.42441
2.48395
2.51651
2.39516
0.60656
1.36403
1.49514
1.76502
1.66209
2.56993
1.29626
1.94238
1.19757
2.0081
2.82455
0.73303
1.64064
4.65294
2.2544
0.07212
2.44602
2.37815
2.40909
2.24256
2.56862
2.52984
0.11917
2.38006
2.47729
2.19169
2.1262
2.30225
2.43676
2.32701
2.06145
2.30348
1.03564
1.47131
2.51844
2.49642
2.39814
2.51951
2.1087
2.36321
2.36825
2.5207
0.58591
1.91807
2.22536
2.22713
2.37905
2.93218
2.66072
1.94007
1.93702
0.0
2.39482
2.77065
2.44125
2.58988
2.01908
2.47934
2.60868
2.56644
0.11887
2.28754
2.29454
2.40448
2.79005
1.98655
2.15701
2.29291
2.17508
0.45155
1.92954
2.59066
2.64938
2.56521
2.12397
2.09515
2.46936
0.94358
1.3622
2.41165
2.40042
2.31699
2.3074
2.49077
2.3663
2.36601
0.04446
2.55189
2.46385
2.55664
3.11045
2.26396
2.56987
2.47177
0.3786
2.0757
2.54675
2.50366
2.36923
2.30195
2.82153
2.55097
2.46732
0.31847
2.12152
3.17749
2.53154
2.29121
2.82422
2.46129
2.61131
2.13146
2.58199
0.12509
2.42528
2.50033
2.40714
2.23615
2.15738
2.17332
2.44137
0.42915
2.12678
2.96907
2.52519
2.30623
2.43483
2.46261
2.19256
2.20728
0.02807
2.61103
2.697
2.3216
2.74015
2.63454
2.20518
0.20674
2.37007
2.61629
2.22921
2.63901
2.52657
0.5803
1.68637
2.38868
1.8387
2.34682
2.43733
2.48004
2.56167
0.0
2.39657
2.43957
2.19937
2.66527
2.17249
2.38272
2.56724
2.46683
0.02885
2.34657
2.33295
2.36615
2.95384
3.43996
3.13696
2.3868
1.73021
0.41348
2.37033
2.62738
2.24599
2.12753
2.51102
2.38688
2.92247
0.24738
2.09424
2.17617
2.52855
2.22165
2.52141
2.3784
2.29272
1.17576
1.38861
2.34625
2.4218
2.50504
2.33594
2.1643
2.44894
2.4487
0.73176
1.91113
2.59452
2.23111
2.38339
3.24655
2.45944
2.54548
2.61081
0.14379
2.50936
2.68482
2.13865
2.45341
2.37661
2.44697
1.98857
0.79814
2.48643
2.24629
2.17972
2.64151
2.17598
2.18216
0.0
2.2279
3.01476
2.42903
0.70598
0.87185
3.02408
1.28259
2.50471
2.53555
2.55749
2.56003
2.44015
1.18692
0.0
4.05253
2.65346
2.52709
2.65385
2.68685
0.51553
1.80173
2.34381
2.60902
2.20658
2.40905
2.57134
2.39782
0.11427
2.13806
2.56707
2.23258
2.45314
2.26148
2.45248
2.05377
0.46453
4.71076
2.47586
5.52879
2.57118
2.00804
0.6456
2.21205
2.27254
2.13469
2.27298
2.48211
3.12498
2.90544
1.9263
0.79357
2.32983
2.45061
2.2193
2.35565
2.40926
2.83775
2.23134
0.31409
2.48672
2.00729
2.4587
2.74629
2.56745
2.48271
3.20749
0.02834
3.02578
2.53524
3.23849
2.33879
2.22739
2.28674
2.62363
2.30132
0.12846
2.59213
2.46875
2.58971
2.47142
2.55681
2.07482
2.96595
2.66232
2.53529
1.04996
2.6177
2.51216
2.65692
2.42024
2.7871
2.53196
1.28746
1.82258
2.71997
2.54344
2.08429
2.1411
2.45205
2.42646
4.44144
1.2776
2.57723
2.43605
2.4993
2.25626
2.73233
2.41229
2.0122
2.05288
2.78503
2.23767
2.24698
2.91287
2.37533
2.16769
2.17466
2.2526
2.13551
2.14971
0.71507
1.46934
1.98417
2.37213
2.95863
2.4379
2.13521
2.15031
2.3319
2.1169
1.42253
0.93674
2.34518
2.10949
2.76835
2.52816
2.28573
2.71727
0.08119
2.15725
2.53542
2.29684
2.324
2.48029
2.67366
2.23758
0.18928
2.21034
2.26966
2.37631
2.47198
2.53685
2.31701
2.56902
2.2729
0.43063
2.47899
2.20395
2.4837
2.60084
2.59914
2.39708
2.12469
0.72207
2.09944
2.13341
2.2812
2.52022
2.31844
2.50377
2.40249
2.63659
0.13793
2.39477
1.965
2.64345
2.55381
2.18134
2.55731
0.0
0.36227
2.52962
2.52667
2.44083
2.47706
2.49593
2.38681
2.05267
0.50366
2.40554
2.52064
2.17992
2.41549
2.24444
2.22441
2.41154
0.46384
1.63258
2.09444
2.05398
2.37765
2.31067
2.49193
2.4322
2.40318
0.70102
2.31958
2.23223
2.50579
2.17961
2.29037
2.42162
2.45559
2.5666
1.05594
1.06979
2.27124
2.09405
2.26698
2.23086
2.40918
2.13031
0.02016
0.63468
3.28913
2.49491
2.33054
2.41325
2.30317
2.19964
0.85016
2.27388
2.43937
2.2829
2.43725
2.62468
2.452
0.07066
2.47758
1.35245
1.9131
2.51651
2.26571
2.31029
0.05334
2.38761
2.38573
2.22362
2.27523
2.55244
2.71654
2.26355
1.3745
1.22695
2.68517
2.16416
2.44026
2.56481
2.59678
2.64457
1.9695
0.42365
2.85106
2.7886
2.39918
2.62737
2.48954
0.83727
1.9786
2.6163
2.80278
2.55278
2.48273
2.85031
2.4946
2.86002
2.23603
0.72103
1.62949
2.57188
2.34236
2.55693
2.24019
3.03057
2.55743
2.24152
2.24195
2.4376
0.0
0.61575
2.1697
2.31092
2.08292
2.18595
2.17253
2.32253
2.36435
2.17891
2.4602
2.25623
2.85398
0.36856
