0.163558
0.207638
0.210327
0.24123
0.208095
0.247353
0.237625
0.264095
0.010457
0.220195
0.227992
0.22875
0.212881
0.074045
0.331776
0.23086
0.0
0.0
0.086086
0.051695
0.060748
0.267151
0.231677
0.236234
0.221502
0.249214
0.193196
0.022857
0.228761
0.226998
0.210018
0.229713
0.251421
0.249287
0.245679
0.220319
0.002047
0.218103
0.252255
0.270241
0.226384
0.259405
0.232166
0.21326
0.235021
0.216668
0.159842
0.066953
0.204871
0.253016
0.231915
0.207735
0.206873
0.23584
0.227573
0.241696
0.049181
0.17165
0.245468
0.245108
0.242748
0.215774
0.237397
0.249982
0.239307
0.180691
0.061851
0.196228
0.188706
0.245901
0.227304
0.240454
0.232175
0.236776
0.222832
0.165392
0.050774
0.233251
0.201235
0.199354
0.242814
0.210351
0.237704
0.233107
0.25526
0.215686
0.0
0.207401
0.239546
0.251759
0.223254
0.209508
0.20847
0.233998
0.228926
0.050649
0.139173
0.244332
0.219789
0.201263
0.242011
0.222017
0.226855
0.223198
0.248147
0.226529
0.020718
0.245893
0.299012
0.270541
0.251439
0.218185
0.225464
0.245279
0.225993
0.370543
0.024286
0.191568
0.264312
0.269522
0.228124
0.226876
0.26889
0.243186
0.219258
0.229608
0.23813
0.149872
0.094144
0.220745
0.201962
0.235631
0.209746
0.230591
0.203408
0.272819
0.256452
0.248742
0.196854
0.056862
0.205043
0.252131
0.195437
0.192482
0.206349
0.250102
0.252769
0.253597
0.254321
0.09216
0.161947
0.23181
0.243502
0.265786
0.271398
0.243541
0.243182
0.24717
0.242966
0.201606
0.040838
0.279124
0.20814
0.230602
0.2339
0.25475
0.278579
0.258089
0.232801
0.004464
0.270129
0.24796
0.231325
0.213891
0.218619
0.144926
0.190186
0.023422
0.344373
0.243748
0.242441
0.248395
0.251651
0.239516
0.060656
0.136403
0.149514
0.176502
0.166209
0.256993
0.129626
0.194238
0.119757
0.20081
0.282455
0.073303
0.164064
0.465294
0.22544
0.007212
0.244602
0.237815
0.240909
0.224256
0.256862
0.252984
0.011917
0.238006
0.247729
0.219169
0.21262
0.230225
0.243676
0.232701
0.206145
0.230348
0.103564
0.147131
0.251844
0.249642
0.239814
0.251951
0.21087
0.236321
0.236825
0.25207
0.058591
0.191807
0.222536
0.222713
0.237905
0.293218
0.266072
0.194007
0.193702
0.0
0.239482
0.277065
0.244125
0.258988
0.201908
0.247934
0.260868
0.256644
0.011887
0.228754
0.229454
0.240448
0.279005
0.198655
0.215701
0.229291
0.217508
0.045155
0.192954
0.259066
0.264938
0.256521
0.212397
0.209515
0.246936
0.094358
0.13622
0.241165
0.240042
0.231699
0.23074
0.249077
0.23663
0.236601
0.004446
0.255189
0.246385
0.255664
0.311045
0.226396
0.256987
0.247177
0.03786
0.20757
0.254675
0.250366
0.236923
0.230195
0.282153
0.255097
0.246732
0.031847
0.212152
0.317749
0.253154
0.229121
0.282422
0.246129
0.261131
0.213146
0.258199
0.012509
0.242528
0.250033
0.240714
0.223615
0.215738
0.217332
0.244137
0.042915
0.212678
0.296907
0.252519
0.230623
0.243483
0.246261
0.219256
0.220728
0.002807
0.261103
0.2697
0.23216
0.274015
0.263454
0.220518
0.020674
0.237007
0.261629
0.222921
0.263901
0.252657
0.05803
0.168637
0.238868
0.18387
0.234682
0.243733
0.248004
0.256167
0.0
0.239657
0.243957
0.219937
0.266527
0.217249
0.238272
0.256724
0.246683
0.002885
0.234657
0.233295
0.236615
0.295384
0.343996
0.313696
0.23868
0.173021
0.041348
0.237033
0.262738
0.224599
0.212753
0.251102
0.238688
0.292247
0.024738
0.209424
0.217617
0.252855
0.222165
0.252141
0.23784
0.229272
0.117576
0.138861
0.234625
0.24218
0.250504
0.233594
0.21643
0.244894
0.24487
0.073176
0.191113
0.259452
0.223111
0.238339
0.324655
0.245944
0.254548
0.261081
0.014379
0.250936
0.268482
0.213865
0.245341
0.237661
0.244697
0.198857
0.079814
0.248643
0.224629
0.217972
0.264151
0.217598
0.218216
0.0
0.22279
0.301476
0.242903
0.070598
0.087185
0.302408
0.128259
0.250471
0.253555
0.255749
0.256003
0.244015
0.118692
0.0
0.405253
0.265346
0.252709
0.265385
0.268685
0.051553
0.180173
0.234381
0.260902
0.220658
0.240905
0.257134
0.239782
0.011427
0.213806
0.256707
0.223258
0.245314
0.226148
0.245248
0.205377
0.046453
0.471076
0.247586
0.552879
0.257118
0.200804
0.06456
0.221205
0.227254
0.213469
0.227298
0.248211
0.312498
0.290544
0.19263
0.079357
0.232983
0.245061
0.22193
0.235565
0.240926
0.283775
0.223134
0.031409
0.248672
0.200729
0.24587
0.274629
0.256745
0.248271
0.320749
0.002834
0.302578
0.253524
0.323849
0.233879
0.222739
0.228674
0.262363
0.230132
0.012846
0.259213
0.246875
0.258971
0.247142
0.255681
0.207482
0.296595
0.266232
0.253529
0.104996
0.26177
0.251216
0.265692
0.242024
0.27871
0.253196
0.128746
0.182258
0.271997
0.254344
0.208429
0.21411
0.245205
0.242646
0.444144
0.12776
0.257723
0.243605
0.24993
0.225626
0.273233
0.241229
0.20122
0.205288
0.278503
0.223767
0.224698
0.291287
0.237533
0.216769
0.217466
0.22526
0.213551
0.214971
0.071507
0.146934
0.198417
0.237213
0.295863
0.24379
0.213521
0.215031
0.23319
0.21169
0.142253
0.093674
0.234518
0.210949
0.276835
0.252816
0.228573
0.271727
0.008119
0.215725
0.253542
0.229684
0.2324
0.248029
0.267366
0.223758
0.018928
0.221034
0.226966
0.237631
0.247198
0.253685
0.231701
0.256902
0.22729
0.043063
0.247899
0.220395
0.24837
0.260084
0.259914
0.239708
0.212469
0.072207
0.209944
0.213341
0.22812
0.252022
0.231844
0.250377
0.240249
0.263659
0.013793
0.239477
0.1965
0.264345
0.255381
0.218134
0.255731
0.0
0.036227
0.252962
0.252667
0.244083
0.247706
0.249593
0.238681
0.205267
0.050366
0.240554
0.252064
0.217992
0.241549
0.224444
0.222441
0.241154
0.046384
0.163258
0.209444
0.205398
0.237765
0.231067
0.249193
0.24322
0.240318
0.070102
0.231958
0.223223
0.250579
0.217961
0.229037
0.242162
0.245559
0.25666
0.105594
0.106979
0.227124
0.209405
0.226698
0.223086
0.240918
0.213031
0.002016
0.063468
0.328913
0.249491
0.233054
0.241325
0.230317
0.219964
0.085016
0.227388
0.243937
0.22829
0.243725
0.262468
0.2452
0.007066
0.247758
0.135245
0.19131
0.251651
0.226571
0.231029
0.005334
0.238761
0.238573
0.222362
0.227523
0.255244
0.271654
0.226355
0.13745
0.122695
0.268517
0.216416
0.244026
0.256481
0.259678
0.264457
0.19695
0.042365
0.285106
0.27886
0.239918
0.262737
0.248954
0.083727
0.19786
0.26163
0.280278
0.255278
0.248273
0.285031
0.24946
0.286002
0.223603
0.072103
0.162949
0.257188
0.234236
0.255693
0.224019
0.303057
0.255743
0.224152
0.224195
0.24376
0.0
0.061575
0.21697
0.231092
0.208292
0.218595
0.217253
0.232253
0.236435
0.217891
0.24602
0.225623
0.285398
0.036856
