0.074943
0.554994
0.450579
0.506859
0.523102
0.537981
0.355785
0.358101
0.349164
0.531736
0.526271
0.440648
0.23988
0.254681
0.270134
0.366546
0.348757
0.265615
0.378527
0.507829
0.395918
0.269858
0.255656
0.257064
0.324044
0.436156
0.539827
0.539881
0.363487
0.418628
0.537222
0.500919
0.522485
0.530036
0.537506
0.513544
0.53792
0.463882
0.334337
0.517334
0.377769
0.493626
0.491682
0.493763
0.530234
0.315874
0.466827
0.383853
0.302011
0.345439
0.255128
0.249107
0.327396
0.406759
0.532051
0.478804
0.424246
0.258681
0.269722
0.259801
0.317847
0.529436
0.439699
0.268199
0.28072
0.268594
0.232112
0.429021
0.442745
0.268832
0.273206
0.390817
0.301709
0.33681
0.345503
0.346646
0.36289
0.496194
0.418582
0.336286
0.316467
0.538974
0.392436
0.352475
0.3779
0.299787
0.284322
0.373941
0.360993
0.317128
0.307753
0.27729
0.32395
0.256441
0.279149
0.275419
0.301054
0.328502
0.368338
0.363564
0.750556
0.676299
0.677803
0.732492
0.809742
0.701604
0.555036
0.782586
0.728811
0.635312
0.300187
0.296301
0.330996
0.275594
0.30855
0.262699
0.241867
0.302385
0.243891
0.243648
0.256737
0.233926
0.333663
0.327672
0.265041
0.317866
0.306151
0.245312
0.260339
0.25688
0.263469
0.2467
0.248626
0.339334
0.265313
0.291731
0.257184
0.264659
0.248173
0.407658
0.271815
0.315052
0.367058
0.280813
0.292785
0.341094
0.100101
0.285512
0.278248
0.308509
0.203778
0.525331
0.349308
0.377677
0.387456
0.307239
0.341905
0.383108
0.512256
0.539348
0.517549
0.53437
0.48872
0.526521
0.516954
0.517085
0.500641
0.523091
0.470547
0.533444
0.512862
0.47228
0.477894
0.504754
0.551383
0.353992
0.304186
0.305587
0.457758
0.412512
0.325667
0.319177
0.375837
0.371478
0.366701
0.368962
0.505179
0.498828
0.522986
0.427156
0.360274
0.380217
0.288094
0.259069
0.422909
0.537464
0.510414
0.682776
0.785076
0.646529
0.677439
0.718494
0.744913
0.799065
0.752767
0.711655
0.643981
0.785985
0.407368
0.252881
0.280804
0.259407
0.334732
0.294877
0.517344
0.34351
0.26817
0.403742
0.258283
0.439836
0.357633
0.3118
0.30733
0.397138
0.270182
0.23004
0.253221
0.255621
0.351498
0.489566
0.383452
0.317957
0.255052
0.311266
0.297904
0.347519
0.317327
0.422012
0.296954
0.265632
0.400455
0.288655
0.352281
0.427116
0.329014
0.348201
0.348514
0.437195
0.375086
0.394767
0.369215
0.410917
0.351274
0.446304
0.355289
0.352891
0.482693
0.337133
0.447073
0.287356
0.431808
0.422133
0.475854
0.380897
0.466792
0.406175
0.407615
0.515961
0.483567
0.415518
0.356419
0.534361
0.227469
0.327805
0.43765
0.431546
0.263246
0.353358
0.276393
0.312863
0.405087
0.287679
0.345459
0.258947
0.304323
0.275164
0.314917
0.250903
0.290055
0.300108
0.342306
0.418577
0.313776
0.257333
0.511109
0.662516
0.608869
0.636556
0.648571
0.601377
0.632545
0.72287
0.69765
0.582403
0.445515
0.344115
0.371756
0.430459
0.356909
0.329817
0.257056
0.262977
0.341392
0.294679
0.258509
0.424396
0.265711
0.255886
0.292328
0.340721
0.367003
0.262752
0.332937
0.267901
0.337991
0.258951
0.40939
0.414311
0.445203
0.401795
0.473629
0.348895
0.368415
0.528541
0.521503
0.333369
0.342298
0.370332
0.418593
0.544151
0.329265
0.262462
0.256057
0.381568
0.274422
0.363279
0.369049
0.318521
0.328735
0.295867
0.270373
0.265677
0.351154
0.285007
0.181434
0.108492
0.289817
0.26813
0.199953
0.452754
0.386837
0.39698
0.263224
0.260764
0.29235
0.395382
0.302683
0.283816
0.150079
0.064914
0.180105
0.21102
0.438793
0.185617
0.351683
0.323515
0.221352
0.372258
0.110031
0.336121
0.165095
0.420846
0.181773
0.381805
0.412372
0.457285
0.240195
0.387113
0.307299
0.149352
0.085396
0.013258
0.168902
0.114442
0.138082
0.55765
0.554355
0.559903
0.434503
0.288713
0.319792
0.308546
0.322218
0.314295
0.323115
0.576937
0.322698
0.318257
0.338725
0.494593
0.618311
0.601228
0.348641
0.318212
0.340368
0.356785
0.330668
0.337168
0.481117
0.394729
0.33256
0.323302
0.189853
0.078373
0.700535
0.653298
0.688556
0.588572
0.323158
0.397995
0.408315
0.57763
0.5532
0.54282
0.509497
0.544386
0.626607
0.442941
0.490832
0.580889
0.315947
0.373258
0.320679
0.382418
0.484429
0.452501
0.323686
0.406029
0.408955
0.396118
0.644342
0.423848
0.335772
0.343962
0.322664
0.43748
0.578947
0.58258
0.557787
0.484352
0.432711
0.407314
0.350664
0.475828
0.427076
0.432486
0.412973
0.583067
0.619634
0.514622
0.320657
0.396473
0.345614
0.345832
0.414389
0.610116
0.471463
0.521006
0.505383
0.581183
0.423924
